
For the train5 set

0 3 9 3 0 7 10 40 92 61

0 0 0 0 0 0 0 0 0 0

0 0 0 0 0 0 0 2 0 1

0 0 0 0 0 0 3 0 2 4

0 0 0 0 0 0 0 2 0 1

0 0 0 0 0 0 0 0 0 0

0 0 0 0 0 0 1 0 4 2

0 0 1 0 0 0 0 3 3 3

0 0 1 0 1 0 3 0 10 25

0 0 0 0 0 2 4 11 0 75

0 0 1 0 0 0 2 14 44 0

225

0.772497

0 4 10 3 1 11 14 60 115 75

0 0 0 0 0 0 0 0 0 0

0 0 0 0 1 0 0 2 0 1

0 0 0 0 0 0 3 1 2 4

0 0 0 0 0 0 0 2 0 1

0 0 0 0 0 1 0 0 0 0

0 0 0 0 1 0 1 1 5 3

0 0 1 0 0 0 0 5 5 3

0 0 1 0 2 1 3 0 24 29

1 0 0 0 0 2 7 26 0 79

0 0 1 0 0 1 3 25 45 0

293

0.703741
