
For the train1 set

0 3 7 3 0 6 8 51 87 64

0 0 0 0 0 0 0 0 0 0

0 0 0 0 0 0 1 0 0 2

0 0 0 0 0 0 2 0 2 3

0 0 0 0 0 0 0 1 1 1

0 0 0 0 0 0 0 0 0 0

0 0 0 0 0 0 1 0 4 1

0 0 0 0 0 1 0 0 6 1

0 0 0 0 3 0 7 0 4 37

0 0 0 0 0 0 4 7 0 76

0 0 0 0 0 0 2 11 51 0

229

0.768453

0 5 8 3 0 8 12 72 114 82

0 0 0 0 0 0 0 0 0 0

0 0 0 0 0 1 1 1 0 2

0 0 0 0 0 0 2 0 3 3

0 0 0 0 0 0 0 1 1 1

0 0 0 0 0 0 0 0 0 0

0 0 0 0 0 0 1 1 5 1

0 0 0 0 1 1 0 0 8 2

0 0 0 1 3 0 7 0 23 38

0 0 0 0 0 1 9 13 0 91

0 0 3 1 0 0 5 20 53 0

304

0.692619
