
For the train4 set

0 4 7 2 1 4 9 36 82 67

0 0 0 0 0 0 0 0 0 0

0 0 0 0 0 0 0 1 0 3

0 0 0 0 0 0 2 0 1 4

0 0 0 0 0 0 0 1 0 1

0 0 1 0 0 0 0 0 0 0

0 0 0 0 1 0 0 0 2 1

0 0 0 0 0 0 0 1 5 3

0 0 0 0 0 0 5 0 11 20

0 1 0 0 0 1 7 10 0 63

0 0 1 0 0 1 1 12 52 0

212

0.785642

0 4 11 2 2 9 13 58 110 93

0 0 0 0 0 0 0 0 0 0

0 0 0 0 0 0 0 1 0 3

0 0 0 1 0 0 3 0 2 5

0 0 0 0 0 0 0 1 0 1

0 0 1 0 0 1 0 0 0 0

0 0 0 1 1 0 1 0 4 2

0 0 0 0 0 0 0 2 7 4

0 0 0 0 1 3 5 0 28 21

0 1 2 0 0 1 9 28 0 69

0 0 5 0 0 2 2 29 55 0

302

0.694641
