
For the train2 set

0 4 7 3 1 4 9 38 71 70

0 0 0 0 0 0 0 0 0 0

0 0 0 0 0 0 1 0 0 3

0 0 0 0 0 0 2 0 3 2

0 0 0 0 0 0 0 0 1 2

0 0 0 0 0 0 0 1 0 0

0 0 0 1 0 0 1 0 1 1

0 0 0 0 0 0 0 1 5 3

0 0 0 0 0 2 3 0 11 22

0 0 0 1 0 0 3 8 0 59

0 0 2 0 0 0 0 11 57 0

207

0.790698

0 4 10 5 2 10 11 57 90 85

0 0 0 0 0 0 0 0 0 0

0 0 0 0 0 0 1 0 0 3

0 0 0 0 0 0 2 0 5 3

0 0 0 0 0 0 0 0 1 4

0 0 0 0 0 1 0 1 0 0

0 0 0 1 1 0 2 3 1 2

0 0 0 0 0 0 0 1 7 3

0 0 0 0 2 2 4 0 23 26

0 0 1 1 0 0 7 14 0 67

0 0 6 0 0 0 1 15 63 0

274

0.722952
