
For the train3 set

0 3 6 3 0 6 8 34 53 105

0 0 0 0 0 0 0 0 0 0

0 0 0 0 0 0 0 1 0 2

0 0 0 0 0 0 1 0 2 3

0 0 0 0 0 0 0 1 0 2

0 0 0 0 0 0 0 0 0 0

0 0 0 0 0 0 3 0 0 3

0 0 0 0 0 0 0 0 7 1

0 0 1 0 1 0 4 0 14 14

0 0 0 0 0 0 4 12 0 37

1 0 2 0 0 0 2 17 83 0

218

0.779575

0 4 9 3 0 9 12 49 66 128

0 0 0 0 0 0 0 0 0 0

0 0 0 0 1 0 0 1 0 2

0 0 0 0 0 1 2 0 3 3

0 0 0 0 0 0 0 1 0 2

0 0 0 0 0 0 0 0 0 0

0 0 0 0 1 0 3 0 1 4

0 0 2 0 0 0 0 0 9 1

0 0 2 0 1 0 4 0 26 16

0 0 0 1 0 1 5 16 0 43

1 0 5 0 0 0 2 28 92 0

280

0.716886
