-0.75000000
-0.74941693
-0.74940389
-0.74963999
-1.10878211
-0.74996911
-0.75000000
-0.37574232
-1.24541614
0.23599083
0.11668023
-0.04390022
0.12712223
-0.51086862
0.16790181
0.14014939
0.00399165
-0.19004755
0.05983818
0.05190706
-0.17143819
0.12506446
0.33965327
0.51728553
-0.08827095
0.23083410
-0.32741218
-0.09891060
-0.14260739
-0.34373004
-0.43970371
-0.72942916
-0.46983961
-0.00108069
-0.45292598
-0.80190009
-0.15786845
0.20375641
0.06741708
0.45387809
0.45484775
0.61877447
-0.33073317
-0.21528696
0.08169255
