0.00000000
0.00000000
0.00000000
0.00000000
0.00000000
0.00000000
0.00000000
0.00000000
0.00000000
0.00000000
0.00000000
0.00000000
0.00000000
0.00000000
0.00000000
0.00000000
0.11668023
-0.01926859
0.18619354
0.12322872
-0.26646520
-0.70498236
-0.01926859
0.18619354
-0.26646520
-0.08197743
-0.01926859
0.18619354
0.00000000
0.00000000
0.00000000
0.00000000
0.00000000
0.00000000
0.00000000
0.12712223
-0.03905151
0.20037514
0.41660192
-0.05766800
0.12608485
-0.03905151
0.20037514
-0.05766800
-0.33224540
-0.03905151
0.20037514
0.00000000
0.00000000
0.00000000
0.00000000
0.00000000
0.00000000
0.00000000
0.00000000
0.00000000
0.00000000
0.00000000
0.00000000
0.00000000
0.00000000
0.00000000
0.00000000
0.00000000
0.00000000
0.00000000
0.00000000
0.00000000
0.00000000
-0.19004755
-0.26105391
-0.12504953
-0.10062518
-0.15600342
-0.19004755
-0.26105391
-0.12504953
-0.34454240
-0.19004755
-0.26105391
-0.12504953
0.00000000
0.00000000
0.00000000
0.00000000
0.00000000
0.00000000
0.00000000
0.00000000
-0.17143819
-0.19398239
-0.08289868
0.06313962
-0.00196560
-0.42890861
-0.52662090
-0.08289868
-0.00196560
-0.42890861
-0.52662090
0.26908776
0.12506446
0.05856105
0.20358650
0.44844781
0.04631185
0.12506446
0.30221697
0.20358650
-0.28786188
-0.40172170
0.46577862
-0.40520269
0.33965327
0.29067830
0.38934219
-0.53290067
-0.46890420
0.33965327
0.05524369
0.38934219
-0.50222554
0.33965327
0.30314381
0.38934219
0.00000000
0.00000000
0.00000000
0.00000000
0.00000000
0.00000000
0.00000000
0.00000000
0.00000000
0.00000000
0.51728553
0.48340387
0.55239309
-0.07371161
0.35315158
0.51728553
0.10727794
0.55239309
-0.39050402
-0.64547051
0.10727794
0.55239309
0.00000000
0.00000000
0.00000000
0.00000000
0.00000000
0.00000000
0.00000000
0.00000000
0.00000000
0.00000000
0.00000000
0.00000000
0.00000000
0.00000000
0.00000000
0.00000000
0.00000000
0.23083410
0.18312427
0.29067242
-0.94704328
0.25081393
0.40678266
0.18312427
0.29067242
0.25081393
-0.40621639
0.18312427
0.29067242
0.00000000
0.00000000
0.00000000
0.00000000
0.00000000
0.00000000
0.00000000
0.00000000
0.00000000
0.00000000
0.00000000
0.00000000
0.00000000
0.00000000
0.00000000
0.00000000
0.00000000
0.00000000
0.00000000
0.00000000
0.00000000
0.00000000
-0.43970371
-0.51304370
-0.37076448
-0.97470436
0.16584559
-0.41863578
-0.47487890
-0.37076448
-0.18936066
-0.41863578
-0.51304370
-0.37076448
0.00000000
-0.46983961
-0.56046142
-0.21160511
-0.61132763
-0.46983961
-0.45834652
-0.56046142
-0.21160511
-0.46983961
-0.46983961
-0.56046142
-0.21160511
0.00000000
0.00000000
-0.80190009
-0.88073993
-0.68256377
-0.80564074
0.34390650
-0.77105351
-0.88073993
-0.22040633
-0.29600534
-0.00160718
-0.88073993
-0.22040633
-0.15786845
-0.21496839
-0.04772935
-0.34209078
-0.22331607
-0.44611120
0.35404056
-0.04772935
0.14025335
-0.15786845
-0.07566239
-0.04772935
0.20375641
0.11808747
0.32792323
-1.02241404
-0.11757260
-0.57614038
0.11808747
0.32792323
0.44036803
0.20375641
0.11808747
0.32792323
0.06741708
-0.04470893
0.15957181
0.03236368
-0.03802643
0.32053479
-0.04470893
0.15957181
-0.14934669
0.32053479
-0.04470893
0.15957181
0.45387809
0.35371361
0.56481748
-0.08217626
0.45387809
0.55127679
0.35371361
0.56481748
-0.15312656
0.45387809
0.35371361
0.56481748
0.45484775
0.38190153
0.55041809
-0.31830638
0.45484775
0.45484775
0.38190153
0.55041809
0.05549259
0.45484775
0.32775096
0.55041809
0.00000000
-0.33073317
-0.41623593
-0.22478467
0.42137500
-0.28235764
-0.33073317
-0.41623593
-0.05713033
0.01256834
-0.33073317
0.08155135
-0.22478467
0.00000000
0.00000000
0.00000000
0.00000000
0.00000000
0.00000000
0.00000000
0.00000000
0.00000000
0.00000000
-0.21528696
-0.30902366
-0.13037250
0.22086777
0.13166823
-0.21528696
-0.49109019
-0.13037250
-0.03291146
-0.21528696
-0.85021944
-0.13037250
0.08169255
0.02517641
0.10375388
-0.58050417
0.13372560
-0.26506056
-0.44788860
0.10375388
0.08169255
0.16860309
0.02517641
0.10375388
