0.00000000
0.00000000
0.00000000
0.00000000
0.00000000
0.00000000
0.00000000
0.00000000
0.00000000
0.23599083
0.14625849
0.28566599
0.13687803
0.08962090
0.14625849
-0.01290408
0.11668023
-0.01926859
0.18619354
-0.26646520
0.11668023
-0.01926859
0.18619354
0.00000000
0.00000000
0.00000000
0.00000000
0.00000000
-0.04390022
-0.21422364
0.07207607
-0.04390022
0.22878472
-0.21422364
0.07207607
0.12712223
-0.03905151
0.20037514
-0.05766800
0.12712223
-0.03905151
0.20037514
0.00000000
0.00000000
0.00000000
0.00000000
0.00000000
-0.51086862
-0.59181597
-0.41404807
-0.53706617
-0.51086862
-0.59181597
-0.41404807
0.16790181
-0.22975379
0.22981814
0.16790181
0.16790181
0.20154666
0.22981814
0.00000000
0.00399165
-0.38100654
0.06435993
-0.49584273
0.00399165
-0.20389083
0.06435993
-0.19004755
-0.26105391
-0.12504953
-0.19004755
-0.19004755
-0.26105391
-0.12504953
0.00000000
0.00000000
0.00000000
0.00000000
0.00000000
0.00000000
0.05190706
-0.01696038
0.11809155
0.21470781
0.37535658
-0.37076095
0.11809155
-0.17143819
-0.19398239
-0.08289868
-0.00196560
-0.42890861
-0.52662090
-0.08289868
0.00000000
0.00000000
0.00000000
0.00000000
0.00000000
0.12506446
0.05856105
0.20358650
-0.18548520
0.12506446
0.32782390
0.20358650
0.00000000
0.00000000
0.00000000
0.00000000
0.00000000
0.33965327
0.29067830
0.38934219
-0.29015932
0.33965327
0.20913187
0.38934219
0.00000000
0.00000000
0.00000000
0.00000000
0.00000000
0.00000000
0.00000000
0.00000000
0.00000000
0.00000000
0.00000000
0.00000000
0.00000000
0.00000000
0.00000000
0.51728553
0.48340387
0.55239309
0.27540391
0.51728553
0.10727794
0.55239309
0.00000000
0.00000000
0.00000000
0.00000000
0.00000000
0.00000000
0.00000000
0.00000000
0.00000000
0.00000000
0.00000000
0.00000000
0.00000000
0.00000000
0.00000000
-0.08827095
-0.14989653
-0.00925516
0.15899056
-0.16110283
-0.14989653
-0.03247574
0.23083410
0.18312427
0.29067242
0.25081393
0.23083410
0.18312427
0.29067242
0.00000000
0.00000000
0.00000000
0.00000000
0.00000000
0.00000000
-0.09891060
-0.15072138
0.06272270
-0.31965071
-0.09891060
-0.15072138
0.06272270
-0.14260739
-0.24478223
0.10575274
-0.06564291
-0.14260739
-0.24478223
0.10575274
-0.34373004
-0.43996019
-0.13038886
-0.22838344
-0.34373004
-0.43996019
-0.13038886
-0.43970371
-0.51304370
-0.37076448
-0.43970371
-0.41863578
-0.51304370
-0.37076448
0.00000000
0.00000000
0.00000000
0.00000000
0.00000000
0.00000000
-0.46983961
-0.56046142
-0.21160511
-0.46983961
-0.46983961
-0.56046142
-0.21160511
0.00000000
0.00000000
0.00000000
0.00000000
0.00000000
0.00000000
0.00000000
-0.80190009
-0.88073993
-0.68256377
-0.36129139
-0.80190009
-0.88073993
-0.22040633
0.00000000
0.00000000
0.00000000
0.00000000
0.00000000
-0.15786845
-0.21496839
-0.04772935
0.01877795
-0.15786845
0.20914769
-0.04772935
0.00000000
0.00000000
0.00000000
0.00000000
0.00000000
0.20375641
0.11808747
0.32792323
0.23872929
0.20375641
0.11808747
0.32792323
0.00000000
0.00000000
0.00000000
0.00000000
0.00000000
0.06741708
-0.04470893
0.15957181
-0.19721563
0.32053479
-0.04470893
0.15957181
0.00000000
0.00000000
0.00000000
0.00000000
0.00000000
0.45387809
0.35371361
0.56481748
0.45387809
0.45387809
0.35371361
0.56481748
0.00000000
0.00000000
0.00000000
0.00000000
0.00000000
0.45484775
0.38190153
0.55041809
0.45484775
0.45484775
0.38190153
0.55041809
0.00000000
0.00000000
0.00000000
0.00000000
0.00000000
0.00000000
-0.33073317
-0.41623593
-0.22478467
-0.29785383
-0.33073317
-0.41623593
-0.22478467
0.00000000
0.00000000
0.00000000
0.00000000
0.00000000
0.00000000
0.00000000
0.00000000
0.00000000
0.00000000
0.00000000
0.00000000
0.00000000
0.00000000
0.00000000
-0.21528696
-0.30902366
-0.13037250
-0.06611883
-0.21528696
-0.49109019
-0.13037250
0.00000000
0.00000000
0.00000000
0.00000000
0.00000000
0.08169255
0.02517641
0.10375388
0.08169255
0.08169255
0.02517641
0.10375388
