0.86 0.92 0.5 0.37 1 0 0.53 0.32 10 4
0.7 0.84 0.49 0.28 1 0 0.58 0.22 10 5
0.78 0.74 0.58 0.25 1 0 0.53 0.22 10 1
0.42 0.5 0.53 0.22 0.5 0.83 0.5 0.22 9 14
0.49 0.27 0.57 0.18 0.5 0.83 0.54 0.22 9 15
0.5 0.51 0.57 0.27 0.5 0 0.48 0.22 9 19
0.57 0.52 0.46 0.2 0.5 0.83 0.52 0.41 9 23
0.52 0.5 0.53 0.1 0.5 0 0.48 0.22 9 12
0.82 0.63 0.47 0.18 0.5 0 0.5 0.22 9 24
0.68 0.58 0.51 0.19 0.5 0.83 0.54 0.22 9 13
0.45 0.41 0.5 0.46 0.5 0.5 0.5 0.27 9 6
0.4 0.4 0.43 0.19 0.5 0.83 0.48 0.22 9 22
0.46 0.48 0.44 0.21 0.5 0 0.55 0.22 9 11
0.68 0.59 0.44 0.49 0.5 0 0.4 0.26 9 18
0.47 0.43 0.59 0.27 0.5 0 0.55 0.22 9 17
0.32 0.68 0.51 0.16 0.5 0.83 0.55 0.22 9 21
0.51 0.46 0.49 0.21 0.5 0 0.55 0.22 8 32
0.74 0.57 0.51 0.28 0.5 0 0.58 0.22 8 27
0.28 0.46 0.26 0.18 0.5 0 0.39 0.22 8 31
0.48 0.58 0.58 0.12 0.5 0 0.49 0.22 8 50
0.68 0.68 0.35 0.16 0.5 0 0.62 0.22 8 45
0.55 0.44 0.5 0.09 0.5 0 0.55 0.22 8 43
0.49 0.5 0.42 0.43 0.5 0 0.5 0.36 8 42
0.4 0.39 0.33 0.17 0.5 0 0.51 0.31 8 36
0.4 0.36 0.32 0.16 0.5 0 0.51 0.27 8 54
0.58 0.43 0.32 0.11 0.5 0 0.49 0.22 8 41
0.65 0.58 0.53 0.21 0.5 0 0.51 0.22 8 51
0.44 0.35 0.55 0.14 0.5 0 0.52 0.22 8 46
0.7 0.78 0.53 0.24 0.5 0 0.48 0.22 8 40
0.8 0.82 0.57 0.26 0.5 0 0.57 0.27 8 33
0.69 0.7 0.5 0.3 0.5 0 0.54 0.22 8 38
0.7 0.65 0.54 0.28 0.5 0 0.6 0.4 8 28
0.64 0.61 0.56 0.15 0.5 0 0.54 0.22 8 49
0.4 0.36 0.55 0.15 0.5 0 0.53 0.22 8 35
0.57 0.47 0.48 0.17 0.5 0 0.52 0.26 8 55
0.48 0.49 0.49 0.26 0.5 0 0.39 0.27 8 52
0.69 0.7 0.52 0.36 0.5 0 0.46 0.22 7 60
0.7 0.58 0.53 0.39 0.5 0 0.59 0.22 7 84
0.71 0.64 0.42 0.28 0.5 0 0.43 0.22 7 89
0.68 0.68 0.49 0.15 0.5 0 0.53 0.22 7 69
0.81 0.85 0.47 0.37 0.5 0 0.56 0.22 7 58
0.66 0.65 0.54 0.4 0.5 0 0.51 0.22 7 82
0.87 0.83 0.57 0.36 0.5 0 0.36 0.22 7 68
0.74 0.74 0.51 0.27 0.5 0 0.5 0.22 7 78
0.74 0.72 0.5 0.28 0.5 0 0.5 0.27 7 75
0.75 0.76 0.58 0.22 0.5 0 0.49 0.22 7 88
0.89 0.77 0.36 0.34 0.5 0 0.44 0.22 7 67
0.74 0.82 0.46 0.24 0.5 0 0.48 0.22 7 87
0.8 0.81 0.55 0.35 0.5 0 0.42 0.22 7 71
0.74 0.72 0.5 0.28 0.5 0 0.49 0.27 7 76
0.8 0.79 0.43 0.25 0.5 0 0.52 0.22 7 90
0.77 0.73 0.49 0.46 0.5 0 0.38 0.22 7 83
0.74 0.67 0.47 0.34 0.5 0 0.42 0.22 7 56
0.77 0.78 0.51 0.28 0.5 0 0.33 0.22 7 79
0.79 0.74 0.49 0.33 0.5 0 0.48 0.22 7 72
0.77 0.79 0.58 0.23 0.5 0 0.48 0.22 7 61
0.51 0.65 0.53 0.19 0.5 0 0.49 0.22 7 74
0.8 0.63 0.45 0.29 0.5 0 0.51 0.22 7 59
0.81 0.82 0.41 0.36 0.5 0 0.39 0.22 7 65
0.78 0.73 0.27 0.28 0.5 0 0.56 0.22 6 115
0.7 0.73 0.37 0.37 0.5 0 0.48 0.31 6 102
0.84 0.87 0.45 0.54 0.5 0 0.28 0.22 6 105
0.77 0.82 0.4 0.36 0.5 0 0.38 0.22 6 112
0.7 0.73 0.38 0.36 0.5 0 0.54 0.22 6 104
0.74 0.73 0.32 0.2 0.5 0 0.55 0.22 6 126
0.77 0.86 0.44 0.27 0.5 0 0.48 0.22 6 110
0.81 0.79 0.32 0.37 0.5 0 0.41 0.22 6 107
0.73 0.83 0.43 0.3 0.5 0 0.55 0.22 6 94
0.83 0.94 0.32 0.21 0.5 0 0.51 0.22 6 128
0.77 0.78 0.27 0.37 0.5 0 0.49 0.22 6 122
0.78 0.69 0.44 0.26 0.5 0 0.54 0.22 6 109
0.8 0.73 0.47 0.19 0.5 0 0.49 0.22 6 131
0.75 0.7 0.38 0.27 0.5 0 0.49 0.22 6 93
0.77 0.7 0.37 0.12 0.5 0 0.49 0.26 6 125
0.75 0.73 0.35 0.33 0.5 0 0.49 0.28 6 127
0.84 0.66 0.36 0.78 0.5 0 0.49 0.5 6 98
0.78 0.71 0.35 0.25 0.5 0 0.49 0.22 6 119
0.71 0.79 0.41 0.38 0.5 0 0.54 0.22 6 123
0.85 0.85 0.3 0.31 0.5 0 0.55 0.42 6 133
0.85 0.66 0.49 0.18 0.5 0 0.51 0.22 6 111
0.67 0.63 0.34 0.41 0.5 0 0.6 0.33 6 103
0.8 0.82 0.4 0.31 0.5 0 0.57 0.25 6 124
0.76 0.76 0.35 0.27 0.5 0 0.44 0.22 6 106
0.74 0.72 0.47 0.25 0.5 0 0.57 0.22 6 96
0.91 0.77 0.34 0.47 0.5 0 0.52 0.31 6 97
0.88 0.72 0.32 0.3 0.5 0 0.52 0.33 6 114
0.8 0.88 0.36 0.39 0.5 0 0.56 0.33 6 91
1 0.8 0.29 0.36 0.5 0 0.52 0.22 6 120
0.72 0.56 0.4 0.26 0.5 0 0.51 0.26 5 160
0.58 0.76 0.4 0.37 0.5 0 0.54 0.3 5 155
0.63 0.71 0.44 0.53 0.5 0 0.52 0.22 5 183
0.86 0.78 0.34 0.15 0.5 0 0.53 0.22 5 182
0.79 0.62 0.35 0.35 0.5 0 0.6 0.28 5 178
0.39 0.71 0.38 0.14 0.5 0 0.5 0.22 5 174
0.83 0.57 0.42 0.57 0.5 0 0.5 0.32 5 165
0.37 0.42 0.46 0.15 0.5 0 0.51 0.31 5 175
0.97 0.71 0.29 0.42 0.5 0 0.35 0.22 5 169
0.69 0.48 0.38 0.15 0.5 0 0.55 0.22 5 149
0.81 0.55 0.35 0.34 0.5 0 0.51 0.22 5 170
0.66 0.66 0.32 0.54 0.5 0 0.51 0.22 5 161
0.76 0.74 0.56 0.34 0.5 0 0.51 0.3 5 154
0.78 0.48 0.47 0.3 0.5 0 0.53 0.47 5 159
0.94 0.6 0.33 0.49 0.5 0 0.54 0.22 5 156
0.68 0.5 0.43 0.27 0.5 0 0.61 0.22 5 150
0.69 0.61 0.38 0.27 0.5 0 0.52 0.22 5 139
0.34 0.38 0.45 0.19 0.5 0 0.51 0.22 5 145
0.55 0.52 0.44 0.2 0.5 0 0.56 0.22 5 171
0.56 0.49 0.32 0.22 0.5 0 0.5 0.22 5 173
0.86 0.68 0.39 0.24 0.5 0 0.54 0.22 5 135
0.79 0.57 0.41 0.28 0.5 0 0.59 0.22 5 137
0.36 0.34 0.46 0.19 0.5 0 0.52 0.22 5 158
0.91 0.69 0.57 0.45 0.5 0 0.56 0.22 5 148
0.95 0.71 0.27 0.39 0.5 0 0.31 0.22 5 168
0.57 0.59 0.44 0.16 0.5 0 0.52 0.22 5 143
0.71 0.51 0.49 0.23 0.5 0 0.3 0.32 5 180
0.86 0.74 0.51 0.4 0.5 0 0.55 0.22 5 136
0.54 0.42 0.41 0.16 0.5 0 0.52 0.22 5 140
0.89 0.52 0.41 0.26 0.5 0 0.52 0.31 5 163
0.89 0.82 0.6 0.49 0.5 0 0.55 0.22 5 152
0.74 0.75 0.58 0.47 0.5 0 0.4 0.35 5 138
0.81 0.9 0.39 0.41 0.5 0 0.53 0.22 5 147
0.83 0.58 0.33 0.04 0.5 0 0.53 0.22 5 141
0.36 0.35 0.47 0.22 0.5 0 0.44 0.31 4 248
0.4 0.51 0.42 0.13 0.5 0 0.45 0.25 4 244
0.29 0.43 0.4 0.15 0.5 0 0.53 0.22 4 208
0.41 0.42 0.23 0.16 0.5 0 0.4 0.22 4 292
0.35 0.56 0.36 0.3 0.5 0 0.53 0.25 4 220
0.49 0.53 0.36 0.15 0.5 0 0.52 0.27 4 309
0.32 0.45 0.39 0.14 0.5 0 0.45 0.22 4 329
0.4 0.65 0.38 0.17 0.5 0 0.57 0.22 4 297
0.42 0.24 0.34 0.16 0.5 0 0.5 0.22 4 187
0.37 0.55 0.29 0.32 0.5 0 0.51 0.22 4 249
0.42 0.71 0.45 0.15 0.5 0 0.48 0.22 4 332
0.37 0.34 0.32 0.22 0.5 0 0.56 0.22 4 219
0.26 0.3 0.37 0.15 0.5 0 0.53 0.25 4 314
0.47 0.61 0.5 0.23 0.5 0 0.49 0.22 4 264
0.38 0.5 0.37 0.26 0.5 0 0.43 0.22 4 191
0.67 0.61 0.39 0.24 0.5 0 0.51 0.22 4 326
0.51 0.46 0.41 0.36 0.5 0 0.49 0.22 4 342
0.52 0.65 0.36 0.26 0.5 0 0.44 0.22 4 331
0.65 0.66 0.37 0.12 0.5 0 0.52 0.27 4 280
0.66 0.55 0.34 0.2 0.5 0 0.62 0.22 4 271
0.39 0.49 0.3 0.19 0.5 0 0.52 0.31 4 268
0.46 0.48 0.38 0.22 0.5 0 0.39 0.45 4 284
0.39 0.37 0.33 0.23 0.5 0 0.52 0.26 4 254
0.51 0.63 0.3 0.35 0.5 0 0.53 0.27 4 226
0.43 0.28 0.41 0.32 0.5 0 0.52 0.22 4 301
0.49 0.41 0.32 0.21 0.5 0 0.5 0.32 4 240
0.47 0.43 0.35 0.32 0.5 0 0.54 0.22 4 246
0.41 0.48 0.38 0.13 0.5 0 0.51 0.35 4 260
0.35 0.53 0.35 0.33 0.5 0 0.5 0.32 4 241
0.39 0.44 0.28 0.12 0.5 0 0.46 0.27 4 217
0.34 0.4 0.3 0.23 0.5 0 0.51 0.22 4 232
0.2 0.34 0.33 0.1 0.5 0 0.48 0.31 4 224
0.53 0.51 0.36 0.13 0.5 0 0.52 0.22 4 259
0.25 0.35 0.22 0.18 0.5 0 0.46 0.22 4 288
0.49 0.6 0.3 0.34 0.5 0 0.5 0.43 4 265
0.48 0.46 0.38 0.29 0.5 0 0.53 0.22 4 225
0.39 0.33 0.33 0.23 0.5 0 0.47 0.22 4 338
0.49 0.31 0.34 0.13 0.5 0 0.52 0.22 4 223
0.42 0.51 0.39 0.22 0.5 0 0.49 0.26 4 250
0.3 0.68 0.41 0.17 0.5 0 0.51 0.22 4 323
0.63 0.61 0.41 0.22 0.5 0 0.51 0.22 4 211
0.3 0.37 0.4 0.45 0.5 0 0.48 0.41 4 347
0.36 0.49 0.3 0.22 0.5 0 0.52 0.31 4 207
0.43 0.48 0.36 0.26 0.5 0 0.52 0.22 4 306
0.5 0.63 0.45 0.13 0.5 0 0.45 0.32 4 339
0.43 0.45 0.37 0.12 0.5 0 0.48 0.22 4 234
0.4 0.43 0.36 0.33 0.5 0 0.51 0.22 4 286
0.4 0.45 0.42 0.17 0.5 0 0.54 0.26 4 239
0.65 0.61 0.39 0.3 0.5 0 0.57 0.28 4 245
0.26 0.5 0.33 0.28 0.5 0 0.51 0.22 4 199
0.53 0.68 0.34 0.42 0.5 0 0.54 0.27 4 227
0.45 0.57 0.3 0.17 0.5 0 0.51 0.22 4 236
0.44 0.59 0.36 0.16 0.5 0 0.52 0.22 4 194
0.53 0.68 0.42 0.19 0.5 0 0.53 0.22 4 214
0.36 0.58 0.35 0.24 0.5 0 0.44 0.22 4 192
0.42 0.52 0.4 0.17 0.5 0 0.5 0.26 4 218
0.42 0.51 0.33 0.16 0.5 0 0.54 0.22 4 307
0.48 0.43 0.45 0.17 0.5 0 0.48 0.37 4 247
0.35 0.32 0.31 0.16 0.5 0 0.56 0.22 4 325
0.58 0.6 0.43 0.12 0.5 0 0.55 0.22 4 210
0.46 0.59 0.38 0.12 0.5 0 0.5 0.22 4 319
0.46 0.4 0.38 0.18 0.5 0 0.49 0.22 4 251
0.47 0.6 0.35 0.21 0.5 0 0.52 0.22 4 256
0.51 0.38 0.42 0.21 0.5 0 0.46 0.34 4 328
0.59 0.48 0.41 0.53 0.5 0 0.48 0.56 4 305
0.41 0.53 0.45 0.14 0.5 0 0.52 0.66 4 188
0.49 0.55 0.35 0.23 0.5 0 0.57 0.22 4 344
0.55 0.39 0.39 0.47 0.5 0 0.5 0.83 4 304
0.38 0.56 0.38 0.16 0.5 0 0.53 0.22 4 334
0.46 0.35 0.33 0.17 0.5 0 0.55 0.22 4 215
0.38 0.37 0.36 0.14 0.5 0 0.54 0.22 4 333
0.45 0.57 0.3 0.17 0.5 0 0.51 0.22 4 235
0.32 0.36 0.28 0.38 0.5 0 0.5 0.4 4 296
0.44 0.51 0.37 0.15 0.5 0 0.51 0.22 4 221
0.49 0.31 0.43 0.24 0.5 0 0.54 0.22 4 294
0.49 0.55 0.41 0.19 0.5 0 0.48 0.31 4 298
0.31 0.51 0.38 0.18 0.5 0 0.46 0.31 4 302
0.36 0.33 0.38 0.15 0.5 0 0.55 0.36 4 272
0.51 0.51 0.32 0.27 0.5 0 0.54 0.22 4 277
0.5 0.47 0.45 0.14 0.5 0 0.53 0.32 4 308
0.25 0.42 0.21 0.14 0.5 0 0.41 0.22 4 293
0.44 0.43 0.34 0.21 0.5 0 0.55 0.4 4 267
0.55 0.46 0.47 0.15 0.5 0 0.47 0.22 4 291
0.54 0.44 0.38 0.22 0.5 0 0.54 0.3 4 316
0.37 0.51 0.39 0.18 0.5 0 0.51 0.27 4 269
0.46 0.61 0.38 0.35 0.5 0 0.49 0.22 4 299
0.49 0.49 0.4 0.2 0.5 0 0.48 0.26 4 311
0.36 0.46 0.43 0.19 0.5 0 0.48 0.22 4 213
0.51 0.55 0.35 0.16 0.5 0 0.51 0.47 4 206
0.54 0.55 0.34 0.31 0.5 0 0.54 0.22 4 195
0.26 0.44 0.3 0.11 0.5 0 0.51 0.47 4 201
0.37 0.62 0.34 0.25 0.5 0 0.51 0.22 4 229
0.39 0.56 0.34 0.18 0.5 0 0.49 0.22 4 327
0.31 0.4 0.31 0.17 0.5 0 0.52 0.22 4 303
0.37 0.4 0.38 0.18 0.5 0 0.51 0.22 4 289
0.57 0.5 0.4 0.08 0.5 0 0.47 0.22 4 275
0.55 0.42 0.34 0.3 0.5 0 0.52 0.22 4 204
0.27 0.41 0.24 0.2 0.5 0 0.49 0.22 4 287
0.39 0.42 0.38 0.4 0.5 0 0.49 0.47 4 200
0.49 0.56 0.37 0.2 0.5 0 0.53 0.22 4 343
0.54 0.44 0.35 0.19 0.5 0 0.51 0.27 4 279
0.51 0.47 0.41 0.44 0.5 0 0.5 0.22 4 255
0.39 0.58 0.5 0.26 0.5 0 0.54 0.59 4 196
0.55 0.35 0.36 0.29 0.5 0 0.51 0.22 4 324
0.58 0.53 0.33 0.26 0.5 0 0.51 0.22 4 273
0.3 0.5 0.34 0.26 0.5 0 0.51 0.22 4 230
0.42 0.44 0.33 0.17 0.5 0 0.54 0.27 4 237
0.61 0.76 0.3 0.16 0.5 0 0.45 0.41 4 336
0.52 0.65 0.36 0.37 0.5 0 0.52 0.34 4 285
0.42 0.65 0.58 0.34 0.5 0 0.5 0.22 3 542
0.49 0.46 0.45 0.45 0.5 0 0.52 0.22 3 404
0.57 0.58 0.58 0.35 0.5 0 0.49 0.22 3 487
0.55 0.59 0.47 0.64 0.5 0 0.54 0.33 3 500
0.61 0.72 0.39 0.33 0.5 0 0.58 0.22 3 379
0.68 0.5 0.55 0.65 0.5 0 0.46 0.31 3 449
0.38 0.47 0.47 0.18 0.5 0 0.44 0.26 3 590
0.5 0.57 0.62 0.25 0.5 0 0.51 0.22 3 539
0.38 0.46 0.52 0.75 0.5 0 0.5 0.26 3 429
0.45 0.58 0.48 0.67 0.5 0 0.52 0.22 3 363
0.53 0.42 0.58 0.29 0.5 0 0.5 0.22 3 481
0.45 0.59 0.53 0.74 0.5 0 0.47 0.25 3 436
0.43 0.67 0.48 0.27 0.5 0 0.53 0.22 3 350
0.67 0.68 0.46 0.29 0.5 0 0.46 0.22 3 414
0.51 0.46 0.54 0.41 0.5 0 0.53 0.22 3 517
0.6 0.51 0.52 0.45 0.5 0 0.5 0.27 3 518
0.59 0.6 0.49 0.43 0.5 0 0.53 0.31 3 389
0.52 0.62 0.54 0.19 0.5 0 0.5 0.22 3 448
0.81 0.65 0.52 0.41 0.5 0 0.57 0.26 3 455
0.37 0.58 0.44 0.51 0.5 0 0.44 0.22 3 412
0.78 0.65 0.4 0.16 0.5 0 0.63 0.22 3 522
0.52 0.54 0.47 0.49 0.5 0 0.54 0.22 3 559
0.72 0.58 0.42 0.28 0.5 0 0.48 0.22 3 453
0.51 0.5 0.49 0.45 0.5 0 0.48 0.22 3 570
0.55 0.5 0.66 0.36 0.5 0 0.49 0.22 3 354
0.42 0.53 0.53 0.64 0.5 0 0.47 0.22 3 476
0.32 0.47 0.55 0.25 0.5 0 0.49 0.22 3 458
0.55 0.5 0.6 0.31 0.5 0 0.46 0.27 3 494
0.58 0.53 0.57 0.46 0.5 0 0.51 0.27 3 495
0.71 0.59 0.48 0.43 0.5 0 0.59 0.22 3 392
0.46 0.61 0.55 0.29 0.5 0 0.49 0.22 3 580
0.46 0.62 0.46 0.54 0.5 0 0.51 0.27 3 587
0.75 0.67 0.51 0.29 0.5 0 0.52 0.36 3 521
0.57 0.53 0.53 0.34 0.5 0 0.53 0.22 3 362
0.5 0.53 0.45 0.44 0.5 0 0.49 0.22 3 435
0.67 0.51 0.53 0.28 0.5 0 0.51 0.22 3 438
0.59 0.57 0.46 0.14 0.5 0 0.52 0.22 3 442
0.5 0.54 0.53 0.54 0.5 0 0.51 0.27 3 370
0.45 0.53 0.47 0.43 0.5 0 0.5 0.27 3 531
0.58 0.53 0.5 0.53 0.5 0 0.47 0.31 3 498
0.58 0.62 0.54 0.17 0.5 0 0.48 0.22 3 390
0.42 0.58 0.41 0.65 0.5 0 0.46 0.26 3 405
0.67 0.62 0.4 0.43 0.5 0.83 0.5 0.22 3 377
0.47 0.53 0.48 0.51 0.5 0 0.54 0.22 3 555
0.48 0.57 0.52 0.61 0.5 0 0.51 0.22 3 447
0.39 0.58 0.47 0.18 0.5 0 0.48 0.22 3 589
0.48 0.47 0.54 0.55 0.5 0 0.51 0.65 3 464
0.4 0.56 0.48 0.14 0.5 0 0.47 0.22 3 418
0.47 0.56 0.53 0.44 0.5 0 0.53 0.22 3 566
0.67 0.51 0.54 0.21 0.5 0 0.43 0.3 3 467
0.52 0.64 0.34 0.16 0.5 0 0.57 0.22 3 523
0.64 0.53 0.59 0.14 0.5 0 0.53 0.22 3 548
0.51 0.59 0.46 0.13 0.5 0 0.48 0.22 3 584
0.6 0.59 0.47 0.47 0.5 0 0.53 0.22 3 544
0.6 0.4 0.52 0.46 0.5 0 0.53 0.22 3 355
0.45 0.73 0.47 0.65 0.5 0 0.54 0.43 3 466
0.39 0.28 0.54 0.14 0.5 0 0.59 0.22 3 526
0.61 0.59 0.47 0.49 0.5 0 0.54 0.22 3 511
0.46 0.43 0.38 0.33 0.5 0 0.48 0.28 3 401
0.5 0.52 0.6 0.51 0.5 0 0.48 0.22 3 408
0.49 0.52 0.53 0.7 0.5 0 0.51 0.22 3 528
0.23 0.37 0.32 0.13 0.5 0 0.53 0.22 3 568
0.45 0.45 0.5 0.6 0.5 0 0.49 0.22 3 381
0.57 0.4 0.62 0.3 0.5 0 0.48 0.11 3 474
0.49 0.45 0.54 0.4 0.5 0 0.55 0.22 3 547
0.57 0.61 0.55 0.67 0.5 0 0.48 0.22 3 437
0.59 0.53 0.43 0.44 0.5 0 0.5 0.22 3 361
0.35 0.49 0.47 0.22 0.5 0 0.5 0.28 3 439
0.51 0.54 0.6 0.57 0.5 0 0.58 0.22 3 375
0.55 0.38 0.64 0.42 0.5 0 0.47 0.22 3 553
0.72 0.61 0.45 0.3 0.5 0 0.54 0.25 3 360
0.51 0.56 0.51 0.42 0.5 0 0.53 0.36 3 503
0.52 0.53 0.58 0.69 0.5 0 0.5 0.22 3 588
0.52 0.51 0.51 0.54 0.5 0 0.55 0.27 3 395
0.27 0.39 0.66 0.11 0.5 0 0.44 0.22 3 422
0.56 0.59 0.45 0.15 0.5 0 0.54 0.22 3 565
0.51 0.46 0.4 0.65 0.5 0 0.49 0.22 3 543
0.47 0.46 0.59 0.49 0.5 0 0.56 0.22 3 415
0.41 0.49 0.58 0.22 0.5 0 0.52 0.22 3 525
0.58 0.52 0.61 0.33 0.5 0 0.38 0.11 3 485
0.41 0.52 0.53 0.41 0.5 0 0.39 0.33 3 482
0.46 0.38 0.47 0.22 0.5 0 0.52 0.27 3 378
0.42 0.44 0.48 0.54 0.5 0 0.48 0.22 3 352
0.46 0.49 0.58 0.23 0.5 0 0.44 0.22 3 367
0.63 0.57 0.5 0.48 0.5 0 0.51 0.22 3 591
0.45 0.48 0.63 0.67 0.5 0 0.48 0.22 3 461
0.5 0.46 0.64 0.36 0.5 0 0.49 0.22 3 477
0.58 0.57 0.54 0.69 0.5 0 0.54 0.22 3 510
0.57 0.59 0.5 0.58 0.5 0 0.53 0.22 3 425
0.48 0.45 0.55 0.5 0.5 0 0.53 0.22 3 373
0.66 0.55 0.45 0.19 0.5 0 0.46 0.22 3 356
0.66 0.52 0.52 0.44 0.5 0 0.56 0.27 3 462
0.53 0.48 0.45 0.44 0.5 0 0.49 0.27 3 459
0.54 0.64 0.5 0.13 0.5 0 0.49 0.22 3 501
0.26 0.28 0.6 0.2 0.5 0 0.54 0.31 3 535
0.59 0.45 0.58 0.21 0.5 0 0.49 0.22 3 536
0.47 0.54 0.53 0.77 0.5 0 0.52 0.36 3 541
0.45 0.43 0.5 0.25 0.5 0 0.47 0.22 3 554
0.6 0.5 0.44 0.61 0.5 0 0.47 0.22 3 365
0.6 0.51 0.6 0.38 0.5 0.83 0.52 0.24 3 478
0.54 0.64 0.4 0.56 0.5 0 0.51 0.22 3 562
0.53 0.51 0.55 0.57 0.5 0 0.46 0.22 3 561
0.72 0.62 0.34 0.29 0.5 0 0.56 0.28 3 399
0.51 0.51 0.43 0.87 0.5 0 0.52 0.22 3 359
0.57 0.51 0.34 0.13 0.5 0 0.53 0.27 3 567
0.49 0.42 0.56 0.55 0.5 0 0.42 0.25 3 368
0.45 0.58 0.59 0.44 0.5 0 0.56 0.22 3 529
0.46 0.71 0.48 0.53 0.5 0 0.53 0.22 3 391
0.51 0.42 0.56 0.38 0.5 0 0.46 0.22 3 472
0.68 0.53 0.44 0.31 0.5 0 0.51 0.22 3 551
0.75 0.6 0.43 0.35 0.5 0 0.45 0.27 3 532
0.67 0.62 0.54 0.43 0.5 0 0.53 0.22 3 388
0.46 0.44 0.53 0.31 0.5 0 0.48 0.22 3 509
0.51 0.52 0.48 0.5 0.5 0 0.51 0.22 3 433
0.36 0.38 0.56 0.44 0.5 0 0.48 0.22 3 491
0.53 0.5 0.54 0.56 0.5 0 0.49 0.41 3 445
0.57 0.57 0.44 0.37 0.5 0 0.52 0.25 3 402
0.36 0.4 0.53 0.48 0.5 0 0.48 0.22 3 471
0.45 0.54 0.54 0.62 0.5 0 0.53 0.22 3 432
0.56 0.68 0.52 0.39 0.5 0 0.36 0.22 3 533
0.45 0.38 0.64 0.14 0.5 0 0.54 0.22 3 479
0.57 0.6 0.54 0.17 0.5 0 0.52 0.22 3 549
0.61 0.73 0.5 0.58 0.5 0 0.5 0.22 3 575
0.54 0.47 0.58 0.4 0.5 0 0.46 0.27 3 569
0.63 0.53 0.54 0.4 0.5 0 0.5 0.22 3 369
0.63 0.57 0.59 0.4 0.5 0 0.38 0.22 3 371
0.4 0.52 0.53 0.52 0.5 0 0.51 0.22 3 457
0.45 0.53 0.51 0.42 0.5 0 0.52 0.22 3 545
0.48 0.48 0.5 0.47 0.5 0 0.55 0.22 3 450
0.59 0.61 0.34 0.22 0.5 0 0.51 0.22 3 406
0.45 0.43 0.63 0.4 0.5 0 0.59 0.11 3 483
0.45 0.56 0.51 0.64 0.5 0 0.54 0.22 3 428
0.53 0.56 0.49 0.46 0.5 0 0.52 0.22 3 431
0.5 0.49 0.59 0.47 0.5 0 0.49 0.36 3 463
0.53 0.52 0.61 0.35 0.5 0 0.5 0.22 3 492
0.47 0.52 0.54 0.25 0.5 0 0.54 0.29 3 564
0.66 0.37 0.6 0.25 0.5 0 0.69 0.22 3 576
0.63 0.47 0.56 0.12 0.5 0 0.5 0.22 3 512
0.56 0.65 0.49 0.56 0.5 0 0.49 0.22 3 560
0.48 0.45 0.59 0.35 0.5 0 0.55 0.3 3 534
0.39 1 0.38 0.41 0.5 0 0.5 0.27 3 558
0.53 0.45 0.52 0.29 0.5 0 0.55 0.38 3 574
0.5 0.41 0.44 0.5 0.5 0 0.42 0.22 3 410
0.5 0.4 0.56 0.7 0.5 0 0.5 0.22 3 411
0.47 0.58 0.47 0.52 0.5 0 0.54 0.22 3 563
0.41 0.41 0.51 0.19 0.5 0 0.57 0.22 3 454
0.78 0.75 0.4 0.28 0.5 0 0.53 0.22 3 380
0.54 0.52 0.63 0.37 0.5 0 0.46 0.22 3 376
0.5 0.32 0.49 0.49 0.5 0 0.48 0.32 3 530
0.53 0.53 0.6 0.13 0.5 0 0.49 0.22 3 419
0.44 0.53 0.53 0.37 0.5 0 0.51 0.22 3 515
0.6 0.54 0.54 0.53 0.5 0 0.52 0.27 3 527
0.35 0.52 0.48 0.22 0.5 0 0.26 0.22 3 384
0.41 0.47 0.58 0.62 0.5 0 0.5 0.22 3 514
0.49 0.6 0.43 0.56 0.5 0 0.36 0.22 3 409
0.57 0.61 0.55 0.27 0.5 0 0.44 0.21 3 486
0.48 0.52 0.49 0.35 0.5 0.5 0.51 0.22 3 537
0.52 0.56 0.54 0.53 0.5 0 0.45 0.22 3 397
0.49 0.44 0.45 0.55 0.5 0 0.48 0.22 3 505
0.58 0.67 0.49 0.16 0.5 0 0.47 0.28 3 585
0.56 0.5 0.61 0.49 0.5 0 0.46 0.28 3 489
0.42 0.31 0.62 0.12 0.5 0 0.4 0.22 3 403
0.47 0.45 0.53 0.62 0.5 0 0.46 0.22 3 426
0.42 0.32 0.5 0.21 0.5 0 0.51 0.22 2 649
0.88 0.59 0.54 0.39 0.5 0 0.41 0.3 2 780
0.23 0.13 0.51 0.16 0.5 0 0.53 0.51 2 943
0.59 0.58 0.56 0.21 0.5 0 0.54 0.33 2 644
0.57 0.59 0.49 0.86 0.5 0 0.47 0.22 2 1014
0.62 0.51 0.52 0.42 0.5 0 0.54 0.27 2 616
0.47 0.4 0.63 0.19 0.5 0 0.52 0.32 2 1006
0.23 0.3 0.58 0.22 0.5 0 0.48 0.27 2 671
0.41 0.39 0.61 0.17 0.5 0 0.5 0.61 2 966
0.5 0.45 0.49 0.3 0.5 0 0.47 0.4 2 714
0.48 0.54 0.56 0.29 0.5 0 0.51 0.43 2 960
0.37 0.34 0.58 0.24 0.5 0 0.44 0.18 2 691
0.57 0.29 0.63 0.22 0.5 0 0.49 0.27 2 979
0.61 0.3 0.59 0.12 0.5 0 0.49 0.27 2 659
0.3 0.32 0.57 0.19 0.5 0 0.48 0.55 2 611
0.7 0.51 0.47 0.24 0.5 0 0.53 0.25 2 781
0.51 0.34 0.49 0.16 0.5 0 0.53 0.21 2 776
0.6 0.57 0.63 0.22 0.5 0 0.5 0.49 2 990
0.36 0.48 0.61 0.26 0.5 0 0.5 0.16 2 1012
0.64 0.56 0.52 0.17 0.5 0 0.54 0.47 2 994
0.44 0.42 0.57 0.22 0.5 0 0.5 0.25 2 794
0.44 0.65 0.49 0.16 0.5 0 0.48 0.31 2 968
0.48 0.62 0.52 0.3 0.5 0 0.51 0.37 2 760
0.19 0.66 0.6 0.14 0.5 0 0.2 0.25 2 956
0.49 0.6 0.54 0.35 0.5 0 0.53 0.46 2 944
0.49 0.45 0.57 0.24 0.5 0 0.47 0.38 2 823
0.34 0.42 0.48 0.19 0.5 0 0.46 0.31 2 989
0.5 0.5 0.48 0.34 0.5 0 0.52 0.27 2 985
0.5 0.36 0.64 0.37 0.5 0 0.37 0.33 2 870
0.55 0.45 0.58 0.25 0.5 0 0.49 0.22 2 862
0.46 0.56 0.56 0.25 0.5 0 0.43 0.22 2 915
0.5 0.49 0.52 0.2 0.5 0 0.43 0.52 2 731
0.51 0.5 0.54 0.11 0.5 0 0.6 0.22 2 925
0.33 0.38 0.47 0.14 0.5 0 0.51 0.47 2 1007
0.41 0.56 0.53 0.16 0.5 0 0.55 0.26 2 967
0.55 0.54 0.56 0.22 0.5 0 0.5 0.37 2 651
0.28 0.51 0.55 0.11 0.5 0 0.46 0.22 2 686
0.64 0.5 0.53 0.1 0.5 0 0.51 0.22 2 843
0.51 0.48 0.58 0.22 0.5 0 0.5 0.28 2 698
0.31 0.44 0.53 0.23 0.5 0 0.51 0.32 2 634
0.48 0.54 0.53 0.6 0.5 0 0.53 0.31 2 761
0.56 0.49 0.47 0.13 0.5 0 0.52 0.22 2 992
0.39 0.39 0.55 0.52 0.5 0 0.37 0.16 2 693
0.31 0.5 0.54 0.32 0.5 0 0.53 0.31 2 952
0.43 0.83 0.55 0.2 0.5 0 0.47 0.4 2 739
0.59 0.53 0.47 0.26 0.5 0 0.53 0.31 2 717
0.5 0.51 0.52 0.09 0.5 0 0.48 0.25 2 656
0.37 0.45 0.53 0.14 0.5 0 0.49 0.22 2 890
0.72 0.51 0.52 0.08 0.5 0 0.54 0.22 2 872
0.35 0.29 0.46 0.14 0.5 0 0.54 0.66 2 1011
0.32 0.48 0.49 0.17 0.5 0 0.47 0.22 2 820
0.42 0.32 0.61 0.13 0.5 0 0.14 0.27 2 713
0.33 0.42 0.55 0.23 0.5 0 0.52 0.43 2 912
0.45 0.41 0.58 0.48 0.5 0 0.53 0.64 2 778
0.25 0.41 0.47 0.14 0.5 0 0.56 0.68 2 1000
0.9 0.54 0.59 0.2 0.5 0 0.48 0.22 2 779
0.58 0.37 0.58 0.16 0.5 0 0.51 0.22 2 962
0.38 0.44 0.57 0.14 0.5 0 0.53 0.52 2 1008
0.48 0.17 0.37 0.33 0.5 0 0.44 0.36 2 963
0.62 0.41 0.52 0.17 0.5 0 0.48 0.22 2 818
0.58 0.48 0.56 0.12 0.5 0 0.46 0.25 2 682
0.52 0.38 0.62 0.12 0.5 0 0.41 0.28 2 750
0.57 0.55 0.52 0.16 0.5 0 0.49 0.39 2 855
0.41 0.48 0.54 0.24 0.5 0 0.37 0.51 2 792
0.61 0.46 0.44 0.47 0.5 0 0.5 0.37 2 789
0.46 0.43 0.49 0.79 0.5 0 0.49 0.63 2 658
0.66 0.54 0.49 0.16 0.5 0 0.54 0.36 2 744
0.42 0.21 0.59 0.3 0.5 0 0.47 0.27 2 864
0.23 0.34 0.41 0.28 0.5 0 0.5 0.27 2 715
0.48 0.47 0.59 0.41 0.5 0 0.56 0.27 2 845
0.47 0.46 0.53 0.12 0.5 0 0.51 0.25 2 978
0.47 0.49 0.63 0.17 0.5 0 0.31 0.26 2 685
0.55 0.65 0.5 0.28 0.5 0 0.55 0.22 2 740
0.7 0.53 0.42 0.22 0.5 0 0.51 0.28 2 736
0.4 0.49 0.53 0.23 0.5 0 0.44 0.26 2 906
0.35 0.6 0.47 0.13 0.5 0 0.52 0.43 2 663
0.51 0.48 0.58 0.22 0.5 0 0.5 0.28 2 700
0.37 0.48 0.67 0.37 0.5 0 0.56 0.62 2 937
0.49 0.62 0.65 0.18 0.5 0 0.46 0.43 2 728
0.44 0.45 0.53 0.19 0.5 0 0.41 0.28 2 854
0.6 0.57 0.52 0.14 0.5 0 0.46 0.48 2 897
0.49 0.37 0.59 0.17 0.5 0 0.51 0.22 2 699
0.34 0.24 0.51 0.15 0.5 0 0.54 0.4 2 1010
0.58 0.51 0.56 0.16 0.5 0 0.34 0.22 2 784
0.59 0.49 0.45 0.22 0.5 0 0.45 0.31 2 940
0.51 0.56 0.62 0.24 0.5 0 0.52 0.51 2 752
0.46 0.41 0.58 0.1 0.5 0 0.48 0.22 2 858
0.44 0.33 0.55 0.16 0.5 0 0.49 0.22 2 853
0.37 0.32 0.47 0.18 0.5 0 0.45 0.25 2 604
0.54 0.45 0.62 0.13 0.5 0 0.52 0.26 2 710
0.38 0.26 0.6 0.1 0.5 0 0.48 0.44 2 816
0.27 0.51 0.47 0.35 0.5 0 0.49 0.28 2 674
0.53 0.51 0.51 0.11 0.5 0 0.49 0.41 2 734
0.45 0.21 0.49 0.24 0.5 0 0.46 0.31 2 771
0.25 0.4 0.52 0.15 0.5 0 0.56 0.28 2 1017
0.49 0.67 0.5 0.28 0.5 0 0.43 0.22 2 852
0.53 0.44 0.54 0.52 0.5 0 0.49 0.38 2 991
0.35 0.58 0.54 0.16 0.5 0 0.51 0.22 2 617
0.37 0.44 0.51 0.56 0.5 0 0.5 0.38 2 826
0.54 0.57 0.55 0.18 0.5 0 0.5 0.22 2 879
0.43 0.48 0.53 0.18 0.5 0 0.46 0.22 2 834
0.47 0.47 0.54 0.19 0.5 0 0.51 0.33 2 860
0.53 0.53 0.53 0.17 0.5 0 0.49 0.37 2 701
0.34 0.47 0.48 0.32 0.5 0 0.42 0.22 2 885
0.45 0.36 0.5 0.19 0.5 0 0.53 0.7 2 982
0.23 0.2 0.53 0.2 0.5 0 0.44 0.22 2 650
0.33 0.17 0.52 0.13 0.5 0 0.51 0.75 2 977
0.41 0.52 0.56 0.26 0.5 0 0.48 0.32 2 844
0.56 0.45 0.59 0.14 0.5 0 0.51 0.26 2 711
0.45 0.4 0.43 0.22 0.5 0 0.51 0.48 2 798
0.49 0.51 0.52 0.13 0.5 0 0.51 0.33 2 969
0.61 0.6 0.55 0.21 0.5 0 0.5 0.25 2 599
0.4 0.38 0.53 0.16 0.5 0 0.52 0.27 2 614
0.25 0.36 0.58 0.3 0.5 0 0.58 0.31 2 782
0.19 0.16 0.68 0.36 0.5 0 0.49 0.21 2 917
0.54 0.53 0.48 0.14 0.5 0 0.49 0.33 2 802
0.43 0.38 0.51 0.24 0.5 0 0.46 0.33 2 721
0.45 0.57 0.52 0.21 0.5 0 0.54 0.38 2 958
0.38 0.44 0.55 0.44 0.5 0 0.47 0.51 2 880
0.55 0.46 0.46 0.31 0.5 0 0.58 0.48 2 662
0.41 0.42 0.53 0.17 0.5 0 0.48 0.58 2 981
0.36 0.39 0.55 0.26 0.5 0 0.49 0.22 2 758
0.37 0.34 0.58 0.24 0.5 0 0.44 0.18 2 692
0.45 0.41 0.53 0.49 0.5 0 0.49 0.31 2 909
0.44 0.5 0.55 0.24 0.5 0 0.48 0.22 2 884
0.18 0.48 0.46 0.12 0.5 0 0 0.25 2 732
0.4 0.44 0.47 0.25 0.5 0 0.54 0.56 2 1001
0.17 0.38 0.45 0.09 0.5 0 0.54 0.27 2 676
0.5 0.45 0.53 0.21 0.5 0 0.28 0.22 2 808
0.34 0.66 0.51 0.16 0.5 0 0.47 0.33 2 679
0.38 0.37 0.56 0.21 0.5 0 0.49 0.22 2 637
0.52 0.31 0.56 0.16 0.5 0 0.55 0.22 2 945
0.45 0.48 0.56 0.56 0.5 0 0.47 0.22 2 811
0.46 0.5 0.5 0.28 0.5 0 0.5 0.37 2 932
0.58 0.46 0.46 0.34 0.5 0 0.5 0.43 2 745
0.48 0.5 0.47 0.29 0.5 0 0.46 0.27 2 902
0.55 0.4 0.62 0.22 0.5 0 0.37 0.28 2 923
0.35 0.41 0.53 0.27 0.5 0 0.47 0.29 2 873
0.4 0.43 0.49 0.17 0.5 0 0.51 0.36 2 1009
0.45 0.4 0.56 0.15 0.5 0 0.52 0.22 2 970
0.53 0.38 0.66 0.25 0.5 0 0.43 0.22 2 640
0.57 0.49 0.48 0.16 0.5 0 0.51 0.22 2 718
0.49 0.71 0.54 0.13 0.5 0 0.58 0.22 2 805
0.55 0.49 0.6 0.18 0.5 0 0.51 0.22 2 993
0.42 0.51 0.5 0.12 0.5 0 0.52 0.46 2 632
0.58 0.31 0.6 0.12 0.5 0 0.47 0.33 2 851
0.52 0.45 0.45 0.13 0.5 0 0.48 0.22 2 935
0.44 0.42 0.62 0.14 0.5 0 0.55 0.37 2 690
0.37 0.3 0.51 0.15 0.5 0 0.58 0.26 2 894
0.31 0.46 0.54 0.52 0.5 0 0.5 0.34 2 643
0.34 0.48 0.47 0.19 0.5 0 0.5 0.3 2 878
0.57 0.49 0.61 0.26 0.5 0 0.52 0.22 2 876
0.37 0.47 0.49 0.12 0.5 0 0.47 0.31 2 913
0.4 0.34 0.52 0.17 0.5 0 0.47 0.51 2 680
0.64 0.52 0.5 0.26 0.5 0 0.51 0.31 2 787
0.53 0.51 0.55 0.05 0.5 0 0.45 0.25 2 615
0.41 0.46 0.58 0.08 0.5 0 0.51 0.28 2 899
0.55 0.47 0.53 0.2 0.5 0 0.4 0.22 2 949
0.44 0.41 0.44 0.13 0.5 0 0.49 0.42 2 722
0.39 0.44 0.54 0.24 0.5 0 0.51 0.49 2 833
0.53 0.31 0.58 0.39 0.5 0 0.47 0.37 2 602
0.41 0.25 0.59 0.44 0.5 0 0.6 0.69 2 1013
0.47 0.47 0.5 0.15 0.5 0 0.5 0.48 2 775
0.49 0.46 0.42 0.46 0.5 0 0.55 0.22 2 749
0.46 0.57 0.57 0.15 0.5 0 0.52 0.26 2 688
0.58 0.44 0.57 0.13 0.5 0 0.54 0.22 2 593
0.56 0.59 0.53 0.16 0.5 0 0.24 0.42 2 667
0.42 0.38 0.52 0.29 0.5 0 0.42 0.22 2 898
0.31 0.31 0.54 0.18 0.5 0 0.52 0.29 2 673
0.69 0.62 0.49 0 1 0 0.47 0.22 2 783
0.46 0.49 0.55 0.18 0.5 0 0.56 0.22 2 900
0.41 0.45 0.53 0.17 0.5 0 0.51 0.25 2 642
0.47 0.32 0.51 0.24 0.5 0 0.54 0.27 2 950
0.49 0.48 0.52 0.2 0.5 0 0.55 0.22 2 800
0.36 0.44 0.51 0.17 0.5 0 0.6 0.19 2 763
0.48 0.54 0.5 0.17 0.5 0 0.53 0.22 2 618
0.64 0.6 0.57 0.19 0.5 0 0.43 0.22 2 621
0.6 0.6 0.49 0.3 0.5 0 0.53 0.22 2 669
0.44 0.53 0.52 0.37 0.5 0 0.5 0.22 2 707
0.45 0.51 0.5 0.16 0.5 0 0.52 1 2 613
0.42 0.28 0.51 0.23 0.5 0 0.53 0.27 2 809
0.49 0.48 0.51 0.21 0.5 0 0.53 0.22 2 946
0.34 0.34 0.61 0.18 0.5 0 0.52 0.32 2 709
0.48 0.46 0.58 0.26 0.5 0 0.44 0.22 2 793
0.43 0.4 0.6 0.16 0.5 0 0.53 0.39 2 1021
0.44 0.44 0.49 0.15 0.5 0 0.46 0.27 2 668
0.31 0.39 0.55 0.28 0.5 0 0.46 0.31 2 841
0.39 0.3 0.56 0.12 0.5 0 0.53 0.38 2 746
0.48 0.43 0.51 0.32 0.5 0 0.52 0.43 2 605
0.25 0.39 0.5 0.23 0.5 0 0.5 0.28 2 804
0.46 0.53 0.47 0.37 0.5 0 0.51 0.36 2 887
0.37 0.22 0.64 0.35 0.5 0 0.47 0.22 2 697
0.47 0.59 0.37 0.31 0.5 0 0.51 0.36 2 759
0.49 0.6 0.42 0.18 0.5 0 0.58 0.28 2 947
0.39 0.42 0.49 0.1 0.5 0 0.49 0.65 2 785
0.44 0.53 0.43 0.17 0.5 0 0.54 0.75 2 724
0.42 0.28 0.57 0.18 0.5 0 0.42 0.22 2 757
0.39 0.34 0.68 0.3 0.5 0 0.5 0.29 2 764
0.43 0.42 0.54 0.22 0.5 0 0.57 0.33 2 689
0.33 0.55 0.51 0.43 0.5 0 0.51 0.22 2 601
0.38 0.42 0.47 0.12 0.5 0 0.47 0.53 2 955
0.51 0.34 0.5 0.19 0.5 0 0.5 0.22 2 625
0.34 0.35 0.58 0.2 0.5 0 0.46 0.32 2 821
0.54 0.52 0.54 0.2 0.5 0 0.55 0.25 2 741
0.4 0.4 0.44 0.37 0.5 0 0.53 0.25 2 1005
0.27 0.46 0.52 0.17 0.5 0 0.49 0.44 2 934
0.36 0.3 0.5 0.19 0.5 0 0.55 0.3 2 767
0.47 0.37 0.46 0.28 0.5 0 0.52 0.99 2 901
0.42 0.37 0.59 0.2 0.5 0 0.52 0.29 2 596
0.31 0.42 0.48 0.17 0.5 0 0.49 0.53 2 786
0.27 0.36 0.6 0.33 0.5 0 0.37 0.31 2 647
0.34 0.31 0.6 0.37 0.5 0 0.5 0.3 2 716
0.58 0.56 0.52 0.25 0.5 0 0.57 0.35 2 755
0.36 0.39 0.54 0.16 0.5 0 0.5 0.28 2 801
0.4 0.66 0.34 0.21 0.5 0 0.52 0.26 2 863
0.33 0.37 0.54 0.28 0.5 0 0.53 0.27 2 729
0.4 0.28 0.48 0.06 0.5 0 0.49 0.42 2 824
0.33 0.44 0.49 0.08 0.5 0 0.48 0.49 2 664
0.4 0.37 0.54 0.13 0.5 0 0.48 0.22 2 796
0.39 0.28 0.46 0.12 0.5 0 0.41 0.22 2 645
0.47 0.56 0.51 0.2 0.5 0 0.52 0.59 2 918
0.33 0.28 0.5 0.4 0.5 0 0.46 0.61 2 831
0.61 0.39 0.53 0.14 0.5 0 0.43 0.26 2 829
0.49 0.47 0.53 0.16 0.5 0 0.48 0.27 2 631
0.49 0.49 0.51 0.29 0.5 0 0.52 0.71 2 846
0.5 0.52 0.59 0.3 0.5 0 0.51 0.35 2 607
0.25 0.33 0.48 0.18 0.5 0 0.42 0.33 2 953
0.43 0.44 0.64 0.19 0.5 0 0.38 0.33 2 871
0.37 0.46 0.4 0.27 0.5 0 0.45 0.22 2 622
0.56 0.51 0.32 0.49 0.5 0 0.48 0.22 2 867
0.43 0.39 0.54 0.21 0.5 0 0.53 0.27 2 595
0.52 0.48 0.54 0.28 0.5 0 0.54 0.22 2 720
0.57 0.42 0.63 0.22 0.5 0 0.68 0.32 2 889
0.45 0.46 0.55 0.43 0.5 0 0.55 0.38 2 603
0.34 0.35 0.61 0.19 0.5 0 0.52 0.25 2 705
0.4 0.39 0.6 0.23 0.5 0 0.52 0.31 2 929
0.56 0.57 0.63 0.39 1 0 0.59 0.4 2 687
0.43 0.32 0.56 0.27 0.5 0 0.47 0.27 2 719
0.38 0.58 0.46 0.21 0.5 0 0.52 0.22 2 933
0.4 0.44 0.49 0.47 0.5 0 0.49 0.27 2 612
0.57 0.51 0.58 0.22 0.5 0 0.51 0.22 2 859
0.24 0.41 0.47 0.16 0.5 0 0.51 0.38 2 828
0.37 0.29 0.45 0.15 0.5 0 0.49 0.22 2 936
0.26 0.36 0.47 0.34 0.5 0 0.53 0.72 2 624
0.38 0.48 0.51 0.13 0.5 0 0.5 0.32 2 799
0.35 0.4 0.59 0.22 0.5 0 0.47 0.37 2 648
0.35 0.68 0.57 0.4 0.5 0 0.53 0.36 2 670
0.5 0.43 0.56 0.17 0.5 0 0.35 0.22 2 986
0.41 0.39 0.44 0.34 0.5 0 0.48 0.4 2 627
0.41 0.59 0.65 0.14 0.5 0 0.49 0.33 2 975
0.47 0.47 0.5 0.19 0.5 0 0.51 0.26 2 964
0.47 0.46 0.55 0.28 0.5 0 0.44 0.46 2 753
0.54 0.57 0.52 0.19 0.5 0 0.59 0.67 2 665
0.32 0.34 0.61 0.17 0.5 0 0.52 0.32 2 708
0.53 0.51 0.54 0.21 0.5 0 0.45 0.22 2 983
0.32 0.3 0.57 0.38 0.5 0 0.5 0.25 2 998
0.43 0.54 0.58 0.16 0.5 0 0.5 0.36 2 678
0.38 0.38 0.54 0.24 0.5 0 0.54 0.22 2 891
0.58 0.47 0.54 0.11 0.5 0 0.51 0.26 2 597
0.6 0.48 0.44 0.52 0.5 0 0.54 0.63 2 684
0.37 0.58 0.5 0.22 0.5 0 0.47 0.22 2 868
0.56 0.63 0.52 0.2 0.5 0 0.34 0.26 2 756
0.38 0.4 0.39 0.19 0.5 0 0.46 0.62 2 1015
0.52 0.46 0.56 0.25 0.5 0 0.52 0.22 2 883
0.66 0.65 0.53 0.17 0.5 0 0.47 0.66 2 959
0.48 0.57 0.5 0.09 0.5 0 0.52 0.42 2 695
0.37 0.42 0.6 0.13 0.5 0 0.51 0.22 2 790
0.44 0.62 0.53 0.27 0.5 0 0.49 0.22 2 895
0.31 0.6 0.65 0.18 0.5 0 0.46 0.22 2 888
0.48 0.55 0.58 0.18 0.5 0 0.38 0.69 2 920
0.47 0.38 0.5 0.15 0.5 0 0.49 0.47 2 976
0.67 0.46 0.58 0.3 0.5 0 0.57 0.27 2 791
0.46 0.32 0.58 0.17 0.5 0 0.61 0.25 2 727
0.47 0.43 0.61 0.4 0.5 0 0.48 0.47 2 1020
0.55 0.59 0.53 0.15 0.5 0 0.49 0.22 2 840
0.43 0.39 0.59 0.13 0.5 0 0.41 0.43 2 743
0.59 0.67 0.54 0.19 0.5 0 0.48 0.6 2 1019
0.36 0.49 0.55 0.21 0.5 0 0.55 0.33 2 892
0.62 0.64 0.56 0.2 0.5 0 0.48 0.33 2 726
0.54 0.59 0.57 0.34 0.5 0 0.49 0.22 2 904
0.36 0.48 0.5 0.13 0.5 0 0.49 0.6 2 838
0.26 0.38 0.52 0.36 0.5 0 0.48 0.56 2 733
0.45 0.49 0.57 0.25 0.5 0 0.48 0.22 2 866
0.43 0.39 0.54 0.14 0.5 0 0.47 0.22 2 655
0.44 0.52 0.41 0.23 0.5 0 0.51 0.22 2 610
0.42 0.42 0.55 0.31 0.5 0 0.43 0.22 2 908
0.48 0.51 0.5 0.24 0.5 0 0.54 0.38 1 1355
0.5 0.52 0.51 0.22 0.5 0 0.46 0.37 1 1372
0.59 0.58 0.39 0.52 0.5 0 0.5 0.31 1 1205
0.5 0.44 0.57 0.28 0.5 0 0.57 0.22 1 1449
0.48 0.34 0.47 0.14 0.5 0 0.47 0.26 1 1163
0.28 0.27 0.5 0.14 0.5 0 0.5 0.28 1 1417
0.54 0.55 0.56 0.14 0.5 0 0.5 0.25 1 1262
0.28 0.48 0.56 0.16 0.5 0 0.48 0.26 1 1210
0.48 0.39 0.51 0.21 0.5 0 0.52 0.28 1 1036
0.61 0.46 0.54 0.11 0.5 0 0.47 0.22 1 1255
0.4 0.47 0.48 0.18 0.5 0 0.46 0.22 1 1194
0.38 0.32 0.64 0.41 0.5 0 0.44 0.11 1 1482
0.52 0.45 0.53 0.34 0.5 0 0.52 0.44 1 1407
0.41 0.39 0.51 0.52 0.5 0 0.49 0.22 1 1128
0.77 0.57 0.45 0.17 0.5 0 0.53 0.22 1 1239
0.49 0.46 0.54 0.18 0.5 0 0.35 0.22 1 1426
0.55 0.46 0.53 0.11 0.5 0 0.52 0.48 1 1109
0.63 0.64 0.49 0.2 0.5 0 0.52 0.25 1 1394
0.39 0.4 0.53 0.67 0.5 0 0.47 0.22 1 1080
0.59 0.47 0.51 0.53 0.5 0 0.53 0.26 1 1253
0.56 0.42 0.52 0.14 0.5 0 0.51 0.22 1 1339
0.33 0.46 0.53 0.12 0.5 0 0.5 0.27 1 1434
0.51 0.53 0.55 0.14 0.5 0 0.51 0.22 1 1102
0.52 0.46 0.56 0.2 0.5 0 0.5 0.22 1 1236
0.45 0.76 0.51 0.25 0.5 0 0.59 0.22 1 1436
0.37 0.3 0.62 0.43 0.5 0 0.44 0.39 1 1331
0.54 0.48 0.44 0.08 0.5 0 0.52 0.27 1 1043
0.4 0.44 0.5 0.13 0.5 0 0.52 0.39 1 1432
0.58 0.51 0.49 0.27 0.5 0 0.57 0.29 1 1049
0.66 0.54 0.53 0.17 0.5 0 0.54 0.22 1 1444
0.45 0.45 0.52 0.17 0.5 0 0.54 0.22 1 1240
0.49 0.42 0.54 0.17 0.5 0 0.5 0.36 1 1152
0.42 0.37 0.54 0.17 0.5 0 0.51 0.22 1 1427
0.51 0.46 0.57 0.25 0.5 0 0.53 0.22 1 1215
0.37 0.37 0.51 0.38 0.5 0 0.44 0.22 1 1334
0.58 0.55 0.51 0.13 0.5 0 0.52 0.22 1 1422
0.32 0.47 0.55 0.12 0.5 0 0.52 0.22 1 1115
0.66 0.55 0.54 0.18 0.5 0 0.43 0.22 1 1256
0.43 0.52 0.53 0.52 1 0 0.49 0.22 1 1179
0.56 0.44 0.56 0.19 0.5 0 0.54 0.22 1 1167
0.48 0.48 0.56 0.18 0.5 0 0.58 0.22 1 1249
0.38 0.48 0.57 0.3 0.5 0 0.41 0.11 1 1477
0.23 0.29 0.46 0 0.5 0 0.43 0.31 1 1391
0.45 0.52 0.5 0.12 0.5 0 0.6 0.22 1 1259
0.43 0.45 0.53 0.19 0.5 0 0.56 0.22 1 1226
0.2 0.26 0.52 0.14 0.5 0 0.53 0.44 1 1101
0.53 0.57 0.6 0.36 0.5 0 0.5 0.22 1 1330
0.38 0.51 0.75 0.17 0.5 0 0.55 0.22 1 1098
0.4 0.42 0.71 0.21 0.5 0 0.54 0.32 1 1074
0.25 0.26 0.53 0.17 0.5 0 0.45 0.22 1 1425
0.48 0.39 0.49 0.18 0.5 0 0.51 0.22 1 1150
0.63 0.54 0.53 0.27 0.5 0 0.49 0.22 1 1430
0.47 0.39 0.5 0.11 0.5 0 0.49 0.4 1 1026
0.43 0.33 0.67 0.12 0.5 0 0.45 0.23 1 1289
0.6 0.47 0.45 0.22 0.5 0 0.51 0.29 1 1044
0.5 0.5 0.48 0.17 0.5 0 0.47 0.26 1 1134
0.64 0.31 0.53 0.15 0.5 0 0.53 0.31 1 1362
0.51 0.59 0.55 0.21 0.5 0 0.52 0.22 1 1388
0.48 0.44 0.51 0.24 0.5 0 0.49 0.22 1 1437
0.52 0.56 0.55 0.16 0.5 0 0.53 0.39 1 1375
0.21 0.38 0.49 0.16 0.5 0 0.51 0.45 1 1162
0.61 0.53 0.59 0.17 0.5 0 0.44 0.28 1 1277
0.41 0.3 0.49 0.28 0.5 0 0.54 0.22 1 1172
0.36 0.56 0.52 0.18 0.5 0 0.45 0.16 1 1281
0.66 0.62 0.49 0.1 0.5 0 0.49 0.22 1 1040
0.28 0.51 0.55 0.19 0.5 0 0.57 0.22 1 1241
0.54 0.38 0.52 0.18 0.5 0 0.48 0.22 1 1083
0.59 0.64 0.44 0.26 0.5 0 0.5 0.22 1 1438
0.62 0.58 0.46 0.13 0.5 0 0.53 0.22 1 1116
0.62 0.42 0.47 0.16 0.5 0 0.52 0.22 1 1397
0.61 0.5 0.61 0.21 0.5 0 0.55 0.54 1 1371
0.48 0.64 0.61 0.23 0.5 0 0.6 0.22 1 1085
0.56 0.52 0.46 0.17 0.5 0 0.49 0.73 1 1374
0.27 0.6 0.48 0.23 0.5 0 0.55 0.22 1 1060
0.46 0.47 0.46 0.16 0.5 0 0.51 0.22 1 1187
0.46 0.42 0.51 0.16 0.5 0 0.56 0.22 1 1340
0.56 0.46 0.51 0.25 0.5 0 0.54 0.22 1 1446
0.25 0.48 0.45 0.32 0.5 0 0.4 0.22 1 1392
0.49 0.45 0.53 0.16 0.5 0 0.49 0.31 1 1214
0.66 0.45 0.5 0.23 0.5 0 0.49 0.22 1 1078
0.59 0.5 0.52 0.28 0.5 0 0.55 0.25 1 1089
0.53 0.52 0.49 0.27 0.5 0 0.51 0.22 1 1468
0.6 0.5 0.57 0.25 0.5 0 0.41 0.26 1 1064
0.52 0.47 0.58 0.18 0.5 0 0.34 0.11 1 1369
0.39 0.58 0.5 0.1 0.5 0 0.51 0.25 1 1219
0.5 0.48 0.48 0.23 0.5 0 0.53 0.68 1 1338
0.55 0.63 0.54 0.16 0.5 0 0.45 0.27 1 1232
0.57 0.49 0.5 0.2 0.5 0 0.51 0.28 1 1220
0.46 0.39 0.54 0.22 0.5 0 0.48 0.25 1 1316
0.39 0.45 0.75 0.17 0.5 0 0.51 0.22 1 1429
0.46 0.39 0.54 0.22 0.5 0 0.48 0.25 1 1317
0.45 0.41 0.49 0.14 1 0 0.53 0.3 1 1222
0.48 0.51 0.57 0.24 0.5 0 0.5 0.22 1 1190
0.37 0.33 0.5 0.12 0.5 0 0.51 0.54 1 1141
0.42 0.25 0.6 0.14 0.5 0 0.45 0.22 1 1178
0.53 0.41 0.5 0.24 1 0 0.47 0.22 1 1200
0.52 0.51 0.51 0.12 0.5 0 0.51 0.4 1 1147
0.58 0.38 0.4 0.21 0.5 0 0.5 0.22 1 1199
0.49 0.43 0.48 0.15 0.5 0 0.55 0.25 1 1148
0.64 0.53 0.45 0.13 0.5 0 0.53 0.22 1 1146
0.4 0.56 0.53 0.15 0.5 0 0.49 0.22 1 1421
0.43 0.45 0.54 0.14 0.5 0 0.5 0.31 1 1182
0.42 0.35 0.54 0.18 0.5 0 0.56 0.22 1 1057
0.48 0.61 0.57 0.17 0.5 0 0.45 0.22 1 1479
0.72 0.37 0.63 0.38 0.5 0 0.4 0.14 1 1284
0.48 0.61 0.44 0.2 0.5 0 0.47 0.22 1 1077
0.54 0.49 0.49 0.2 0.5 0 0.52 0.22 1 1076
0.47 0.47 0.58 0.16 0.5 0 0.49 0.28 1 1127
0.45 0.56 0.53 0.32 0.5 0 0.57 0.22 1 1111
0.6 0.64 0.56 0.36 0.5 0 0.46 0.27 1 1364
0.44 0.36 0.64 0.45 0.5 0 0.53 0.11 1 1285
0.4 0.48 0.5 0.17 0.5 0 0.54 0.5 1 1158
0.42 0.43 0.56 0.1 0.5 0 0.49 0.22 1 1073
0.64 0.57 0.57 0.27 0.5 0 0.37 0.22 1 1054
0.61 0.48 0.54 0.25 0.5 0 0.5 0.22 1 1481
0.62 0.6 0.47 0.16 0.5 0 0.53 0.22 1 1191
0.38 0.4 0.59 0.25 0.5 0 0.44 0.22 1 1260
0.48 0.54 0.55 0.12 0.5 0 0.51 0.22 1 1046
0.52 0.54 0.5 0.21 0.5 0 0.48 0.3 1 1108
0.42 0.5 0.59 0.17 0.5 0 0.51 0.22 1 1409
0.45 0.5 0.57 0.29 0.5 0 0.44 0.11 1 1264
0.19 0.41 0.55 0.13 0.5 0 0.52 0.25 1 1452
0.63 0.64 0.45 0.26 0.5 0 0.43 0.22 1 1287
0.3 0.56 0.55 0.18 0.5 0 0.5 0.22 1 1058
0.57 0.47 0.6 0.18 0.5 0 0.51 0.22 1 1033
0.37 0.3 0.62 0.43 0.5 0 0.44 0.39 1 1332
0.54 0.54 0.49 0.14 0.5 0 0.56 0.22 1 1185
0.59 0.54 0.53 0.14 0.5 0 0.48 0.22 1 1337
0.4 0.62 0.52 0.31 0.5 0 0.49 0.31 1 1063
0.49 0.38 0.56 0.09 0.5 0 0.46 0.22 1 1342
0.73 0.6 0.47 0.2 0.5 0 0.72 0.22 1 1308
0.59 0.43 0.52 0.19 0.5 0 0.55 0.27 1 1145
0.42 0.45 0.75 0.21 0.5 0 0.48 0.22 1 1428
0.48 0.5 0.56 0.11 0.5 0 0.33 0.22 1 1247
0.59 0.7 0.46 0.19 0.5 0 0.54 0.44 1 1451
0.49 0.48 0.52 0.24 0.5 0 0.5 0.22 1 1401
0.38 0.49 0.53 0.19 0.5 0 0.5 0.22 1 1042
0.55 0.55 0.52 0.13 0.5 0 0.53 0.25 1 1344
0.48 0.42 0.48 0.19 0.5 0 0.58 0.22 1 1225
0.6 0.48 0.46 0.32 0.5 0 0.4 0.33 1 1257
0.27 0.56 0.56 0.18 0.5 0 0.52 0.22 1 1181
0.5 0.36 0.53 0.41 0.5 0 0.55 0.36 1 1204
0.38 0.5 0.52 0.44 0.5 0 0.54 0.11 1 1323
0.44 0.49 0.49 0.27 0.5 0 0.52 0.22 1 1424
0.8 0.46 0.5 0.15 0.5 0 0.53 0.22 1 1104
0.56 0.35 0.47 0.35 0.5 0 0.52 0.22 1 1301
0.59 0.51 0.47 0.21 0.5 0 0.47 0.22 1 1399
0.59 0.46 0.48 0.46 0.5 0 0.49 0.22 1 1244
0.38 0.48 0.59 0.22 0.5 0 0.46 0.22 1 1103
0.29 0.34 0.55 0.24 0.5 0 0.51 0.22 1 1209
0.43 0.33 0.67 0.12 0.5 0 0.43 0.23 1 1290
0.62 0.6 0.54 0.22 0.5 0 0.54 0.27 1 1433
0.62 0.43 0.49 0.29 0.5 0 0.5 0.27 1 1221
0.44 0.39 0.53 0.14 0.5 0 0.54 0.44 1 1071
0.42 0.43 0.67 0.7 0.5 0 0.42 0.25 1 1359
0.54 0.43 0.48 0.27 0.5 0 0.44 0.41 1 1431
0.49 0.6 0.55 0.17 0.5 0 0.44 0.22 1 1202
0.38 0.42 0.5 0.19 0.5 0 0.44 0.22 1 1412
0.46 0.55 0.61 0.13 0.5 0 0.47 0.22 1 1197
0.4 0.45 0.57 0.18 0.5 0 0.56 0.26 1 1035
0.42 0.53 0.57 0.17 0.5 0 0.49 0.22 1 1235
0.42 0.47 0.52 0.41 0.5 0 0.53 0.32 1 1050
0.57 0.44 0.42 0.2 0.5 0 0.54 0.22 1 1193
0.63 0.56 0.52 0.21 0.5 0 0.5 0.22 1 1464
0.43 0.51 0.48 0.14 0.5 0 0.5 0.22 1 1118
0.49 0.44 0.45 0.22 0.5 0 0.51 0.22 1 1192
0.36 0.46 0.62 0.46 0.5 0 0.51 0.33 1 1051
0.57 0.41 0.59 0.24 0.5 0 0.4 0.22 1 1095
0.56 0.48 0.5 0.17 0.5 0 0.51 0.26 1 1238
0.35 0.36 0.57 0.17 0.5 0 0.52 0.22 1 1125
0.41 0.45 0.46 0.23 0.5 0 0.5 0.7 1 1476
0.37 0.55 0.52 0.13 0.5 0 0.42 0.8 1 1361
0.24 0.25 0.57 0.28 0.5 0 0.51 0.11 1 1470
0.61 0.52 0.5 0.44 0.5 0 0.53 0.22 1 1404
0.32 0.42 0.52 0.24 0.5 0 0.6 0.22 1 1088
0.46 0.47 0.62 0.3 0.5 0 0.38 0.22 1 1450
0.38 0.43 0.53 0.22 0.5 0 0.48 0.11 1 1292
0.39 0.39 0.65 0.16 0.5 0 0.45 0.22 1 1387
0.54 0.44 0.55 0.48 0.5 0 0.47 0.22 1 1302
0.74 0.53 0.5 0.08 0.5 0 0.55 0.31 1 1153
0.43 0.22 0.79 0.79 0.5 0 0.22 0 1 1297
0.51 0.4 0.56 0.17 0.5 0.5 0.49 0.22 1 1022
0.39 0.39 0.59 0.25 0.5 0 0.45 0.22 1 1261
0.47 0.39 0.55 0.24 0.5 0 0.47 0.22 1 1056
0.58 0.6 0.51 0.24 0.5 0 0.53 0.22 1 1123
0.49 0.4 0.58 0.23 0.5 0 0.47 0.27 1 1333
0.59 0.45 0.53 0.19 0.5 0 0.59 0.27 1 1032
0.53 0.48 0.51 0.18 0.5 0 0.51 0.27 1 1379
0.41 0.52 0.41 0.11 0.5 0 0.54 0.35 1 1140
0.42 0.39 0.47 0.13 0.5 0 0.5 0.27 1 1137
0.49 0.44 0.51 0.18 0.5 0 0.52 0.27 1 1208
0.48 0.39 0.56 0.23 0.5 0 0.6 0.22 1 1455
0.39 0.47 0.49 0.2 0.5 0 0.53 0.26 1 1400
0.4 0.42 0.57 0.35 0.5 0 0.53 0.25 1 1024
0.53 0.43 0.57 0.24 0.5 0 0.39 0.28 1 1237
0.5 0.55 0.52 0.16 0.5 0 0.51 0.31 1 1460
0.48 0.35 0.42 0.21 0.5 0 0.57 0.22 1 1132
0.5 0.49 0.46 0.22 0.5 0 0.53 0.25 1 1396
0.46 0.33 0.45 0.22 0.5 0 0.41 0.37 1 1310
0.59 0.51 0.48 0.12 0.5 0 0.54 0.31 1 1276
0.38 0.49 0.54 1 0.5 0 0.5 0.27 1 1180
0.25 0.4 0.54 0.16 0.5 0 0.43 0.22 1 1463
0.55 0.59 0.52 0.1 0.5 0 0.53 0.22 1 1218
0.46 0.46 0.53 0.23 0.5 0 0.51 0.22 1 1224
0.46 0.54 0.59 0.41 0.5 0 0.53 0.21 1 1319
0.47 0.38 0.58 0.19 0.5 0 0.57 0.22 1 1475
0.38 0.5 0.52 0.44 0.5 0 0.54 0.11 1 1324
0.46 0.62 0.54 0.25 0.5 0 0.46 0.22 1 1233
0.3 0.45 0.55 0.19 0.5 0 0.53 0.4 1 1384
0.47 0.56 0.58 0.19 0.5 0 0.44 0.64 1 1415
0.6 0.46 0.51 0.1 0.5 0 0.48 0.31 1 1381
0.39 0.55 0.48 0.31 0.5 0 0.54 0.29 1 1070
0.39 0.45 0.53 0.18 0.5 0 0.54 0.22 1 1107
0.39 0.47 0.56 0.16 0.5 0 0.47 0.22 1 1067
0.56 0.48 0.58 0.27 0.5 0 0.51 0.22 1 1037
0.55 0.51 0.54 0.2 0.5 0 0.56 0.22 1 1229
0.43 0.53 0.52 0.13 0.5 0 0.55 0.22 1 1030
0.61 0.54 0.49 0.19 0.5 0 0.54 0.47 1 1171
0.45 0.27 0.5 0.33 0.5 0 0.53 0.26 1 1246
0.53 0.51 0.46 0.28 0.5 0 0.48 0.22 1 1092
0.61 0.48 0.56 0.19 0.5 0 0.53 0.31 1 1279
0.48 0.46 0.58 0.16 0.5 0 0.45 0.22 1 1304
0.38 0.61 0.61 0.12 0.5 0 0.53 0.47 1 1034
0.47 0.52 0.5 0.4 0.5 0 0.41 0.22 1 1055
0.24 0.34 0.69 0.18 0.5 0 0.52 0.22 1 1081
0.4 0.45 0.61 0.29 0.5 0 0.44 0.22 1 1293
0.38 0.42 0.5 0.19 0.5 0 0.44 0.22 1 1414
0.5 0.45 0.52 0.18 0.5 0 0.52 0.22 1 1398
0.56 0.55 0.57 0.15 0.5 0 0.54 0.25 1 1360
0.44 0.54 0.51 0.16 0.5 0 0.58 0.22 1 1419
0.39 0.37 0.56 0.15 0.5 0 0.5 0.27 1 1189
0.47 0.46 0.49 0.27 0.5 0 0.59 0.22 1 1447
0.58 0.56 0.46 0.14 0.5 0 0.51 0.22 1 1347
0.59 0.58 0.46 0.19 0.5 0 0.56 0.27 1 1113
0.55 0.41 0.56 0.21 0.5 0 0.52 0.22 1 1157
0.59 0.55 0.57 0.18 0.5 0 0.51 0.22 1 1354
0.43 0.57 0.53 0.53 0.5 0 0.53 0.25 1 1084
0.45 0.56 0.54 0.32 0.5 0 0.57 0.22 1 1110
0.69 0.6 0.5 0.31 0.5 0 0.55 0.22 1 1129
0.53 0.59 0.48 0.14 0.5 0 0.51 0.22 1 1234
0.35 0.33 0.48 0.42 0.5 0 0.47 0.43 1 1270
0.54 0.65 0.49 0.34 0.5 0 0.52 0.22 1 1112
0.79 0.56 0.53 0.19 0.5 0 0.47 0.35 1 1439
0.35 0.66 0.49 0.21 0.5 0 0.54 0.25 1 1093
0.49 0.61 0.49 0.25 0.5 0 0.5 0.28 1 1053
0.57 0.48 0.54 0.22 0.5 0 0.5 0.11 1 1326
0.43 0.57 0.53 0.16 0.5 0 0.54 0.22 1 1068
0.51 0.48 0.51 0.26 0.5 0 0.51 0.27 1 1378
0.44 0.42 0.6 0.21 0.5 0 0.57 0.22 1 1091
0.51 0.39 0.58 0.19 0.5 0 0.47 0.22 1 1269
0.31 0.45 0.5 0.17 0.5 0 0.49 0.22 1 1156
0.35 0.47 0.53 0.19 0.5 0 0.48 0.22 1 1248
0.55 0.69 0.51 0.12 0.5 0 0.51 0.22 1 1423
0.46 0.35 0.69 0.18 0.5 0 0.3 0.25 1 1272
0.63 0.62 0.42 0.12 0.5 0 0.52 0.25 1 1120
0.41 0.51 0.58 0.15 0.5 0 0.45 0.27 1 1097
0.45 0.42 0.52 0.2 0.5 0 0.5 0.25 1 1135
0.52 0.48 0.58 0.55 0.5 0 0.48 0.22 1 1183
0.51 0.49 0.48 0.55 0.5 0 0.52 0.58 1 1459
0.59 0.46 0.55 0.17 0.5 0 0.52 0.25 1 1443
0.5 0.47 0.56 0.31 0.5 0 0.56 0.26 1 1469
0.57 0.36 0.51 0.25 0.5 0 0.54 0.25 1 1435
0.36 0.37 0.63 0.25 0.5 0 0.3 0.22 1 1383
0.59 0.48 0.49 0.49 0.5 0 0.36 0.32 1 1471
0.46 0.43 0.5 0.24 0.5 0 0.48 0.31 1 1250
0.46 0.35 0.53 0.16 0.5 0 0.51 0.29 1 1105
0.45 0.56 0.49 0.17 0.5 0 0.52 0.22 1 1142
0.4 0.45 0.61 0.29 0.5 0 0.44 0.22 1 1294
0.35 0.21 1 0.8 0.5 0 0.13 0.01 1 1299
0.34 0.34 0.65 0.4 0.5 0 0.32 0.16 1 1295
0.46 0.35 0.69 0.18 0.5 0 0.3 0.25 1 1271
0.56 0.52 0.55 0.19 0.5 0 0.54 0.22 1 1106
0.43 0.47 0.47 0.18 0.5 0 0.47 0.22 1 1366
0.4 0.45 0.56 0.2 0.5 0 0.45 0.22 1 1052
0.56 0.41 0.58 0.21 0.5 0 0.42 0.22 1 1096
0.33 0.37 0.49 0.22 0.5 0 0.55 0.22 1 1386
0.57 0.43 0.52 0.3 0.5 0 0.37 0.11 1 1273
0.73 0.63 0.42 0.3 0.5 0 0.49 0.22 1 1029
0.43 0.46 0.5 0.21 0.5 0 0.49 0.34 1 1251
0.52 0.46 0.51 0.18 0.5 0 0.5 0.22 1 1217
0.51 0.43 0.47 0.19 0.5 0 0.52 0.37 1 1184
0.32 0.32 0.52 0.18 0.5 0 0.48 0.34 1 1416
0.3 0.5 0.47 0.11 0.5 0 0.46 0.22 1 1154
0.52 0.51 0.48 0.12 0.5 0 0.54 0.31 1 1445
0.48 0.41 0.52 0.33 0.5 0 0.51 0.26 1 1315
0.57 0.43 0.52 0.3 0.5 0 0.37 0.11 1 1274
0.38 0.47 0.53 0.12 0.5 0 0.48 0.22 1 1144
0.51 0.34 0.43 0.18 0.5 0 0.48 0.25 1 1176
0.48 0.44 0.46 0.37 0.5 0 0.46 0.36 1 1395
0.41 0.46 0.57 0.25 0.5 0 0.57 0.38 1 1418
0.63 0.43 0.48 0.11 0.5 0 0.51 0.22 1 1406
0.59 0.51 0.48 0.12 0.5 0 0.54 0.31 1 1275
0.46 0.54 0.59 0.41 0.5 0 0.53 0.21 1 1320
0.35 0.39 0.56 0.2 0.5 0 0.49 0.41 1 1303
0.6 0.4 0.59 0.18 0.5 0 0.48 0.22 1 1143
0.42 0.5 0.64 0.13 0.5 0 0.49 0.22 1 1318
0.52 0.43 0.61 0.22 0.5 0 0.45 0.22 1 1312
0.66 0.6 0.52 0.19 0.5 0 0.69 0.22 1 1306
0.57 0.35 0.5 0.43 0.5 0 0.53 0.22 1 1403
0.58 0.44 0.5 0.26 0.5 0 0.52 0.22 1 1291
0.38 0.62 0.52 0.14 0.5 0 0.53 0.22 1 1228
0.61 0.55 0.51 0.26 0.5 0 0.52 0.22 1 1252
0.32 0.38 0.52 0.2 0.5 0 0.52 0.28 1 1138
0.43 0.51 0.6 0.25 0.5 0 0.55 0.22 1 1177
0.52 0.43 0.61 0.22 0.5 0 0.45 0.22 1 1311
0.37 0.44 0.64 0.48 0.5 0 0.36 0.27 1 1282
0.47 0.49 0.6 0.15 0.5 0 0.38 0.22 1 1223
0.63 0.64 0.45 0.26 0.5 0 0.43 0.22 1 1288
0.64 0.56 0.56 0.22 0.5 0 0.45 0.22 1 1039
