0.85 0.56 0.33 0.38 1 0 0.55 0.25 10 3
0.77 0.8 0.51 0.4 1 0 0.54 0.22 10 2
0.86 0.92 0.5 0.37 1 0 0.53 0.32 10 4
0.57 0.52 0.46 0.2 0.5 0.83 0.52 0.41 9 23
0.4 0.4 0.43 0.19 0.5 0.83 0.48 0.22 9 22
0.69 0.6 0.51 0.13 0.5 0.83 0.52 0.22 9 10
0.44 0.53 0.52 0.23 0.5 0.83 0.51 0.22 9 9
0.74 0.75 0.45 0.44 0.5 0 0.52 0.22 9 25
0.49 0.27 0.57 0.18 0.5 0.83 0.54 0.22 9 15
0.45 0.41 0.5 0.46 0.5 0.5 0.5 0.27 9 6
0.47 0.43 0.59 0.27 0.5 0 0.55 0.22 9 17
0.5 0.51 0.57 0.27 0.5 0 0.48 0.22 9 19
0.68 0.58 0.51 0.19 0.5 0.83 0.54 0.22 9 13
0.37 0.53 0.6 0.19 0.5 0.5 0.42 0.22 9 8
0.68 0.59 0.44 0.49 0.5 0 0.4 0.26 9 18
0.46 0.37 0.48 0.36 0.5 0 0.48 0.22 9 20
0.28 0.46 0.26 0.18 0.5 0 0.39 0.22 8 31
0.36 0.68 0.38 0.08 0.5 0 0.53 0.25 8 29
0.4 0.36 0.32 0.16 0.5 0 0.51 0.27 8 54
0.64 0.61 0.56 0.15 0.5 0 0.54 0.22 8 49
0.4 0.36 0.55 0.15 0.5 0 0.53 0.22 8 35
0.36 0.51 0.51 0.17 0.5 0 0.52 0.22 8 44
0.48 0.58 0.58 0.12 0.5 0 0.49 0.22 8 50
0.75 0.69 0.48 0.13 0.5 0 0.57 0.4 8 37
0.55 0.44 0.5 0.09 0.5 0 0.55 0.22 8 43
0.63 0.55 0.53 0.51 0.5 0 0.55 0.22 8 39
0.69 0.7 0.5 0.3 0.5 0 0.54 0.22 8 38
0.4 0.39 0.33 0.17 0.5 0 0.51 0.31 8 36
0.7 0.78 0.53 0.24 0.5 0 0.48 0.22 8 40
0.49 0.5 0.42 0.43 0.5 0 0.5 0.36 8 42
0.57 0.47 0.48 0.17 0.5 0 0.52 0.26 8 55
0.73 0.59 0.35 0.15 0.5 0 0.54 0.22 8 47
0.58 0.43 0.32 0.11 0.5 0 0.49 0.22 8 41
0.74 0.57 0.51 0.28 0.5 0 0.58 0.22 8 27
0.46 0.49 0.45 0.28 0.5 0 0.55 0.22 8 34
0.8 0.82 0.57 0.26 0.5 0 0.57 0.27 8 33
0.74 0.72 0.5 0.28 0.5 0 0.5 0.27 7 75
0.89 0.77 0.36 0.34 0.5 0 0.44 0.22 7 67
0.82 0.78 0.49 0.23 0.5 0 0.46 0.22 7 62
0.74 0.82 0.46 0.24 0.5 0 0.5 0.31 7 86
0.74 0.71 0.52 0.3 0.5 0 0.27 0.22 7 80
0.71 0.64 0.42 0.28 0.5 0 0.43 0.22 7 89
0.69 0.7 0.52 0.36 0.5 0 0.46 0.22 7 60
0.77 0.78 0.51 0.28 0.5 0 0.33 0.22 7 79
0.74 0.67 0.47 0.34 0.5 0 0.42 0.22 7 56
0.83 0.81 0.45 0.38 0.5 0 0.4 0.26 7 85
0.77 0.73 0.51 0.27 0.5 0 0.34 0.22 7 81
0.68 0.68 0.49 0.15 0.5 0 0.53 0.22 7 69
0.66 0.65 0.54 0.4 0.5 0 0.51 0.22 7 82
0.77 0.72 0.48 0.26 0.5 0 0.51 0.22 7 77
0.77 0.73 0.49 0.46 0.5 0 0.38 0.22 7 83
0.81 0.82 0.41 0.36 0.5 0 0.39 0.22 7 65
0.8 0.79 0.43 0.25 0.5 0 0.52 0.22 7 90
0.7 0.58 0.53 0.39 0.5 0 0.59 0.22 7 84
0.8 0.81 0.55 0.35 0.5 0 0.42 0.22 7 71
0.87 0.83 0.57 0.36 0.5 0 0.36 0.22 7 68
0.51 0.65 0.53 0.19 0.5 0 0.49 0.22 7 74
0.75 0.76 0.58 0.22 0.5 0 0.49 0.22 7 88
0.77 0.79 0.58 0.23 0.5 0 0.48 0.22 7 61
0.77 0.86 0.44 0.27 0.5 0 0.48 0.22 6 110
0.75 0.73 0.35 0.33 0.5 0 0.49 0.28 6 127
0.76 0.76 0.35 0.27 0.5 0 0.44 0.22 6 106
0.85 0.85 0.3 0.31 0.5 0 0.55 0.42 6 133
0.78 0.71 0.35 0.25 0.5 0 0.49 0.22 6 119
0.83 0.94 0.32 0.21 0.5 0 0.51 0.22 6 128
1 0.8 0.29 0.36 0.5 0 0.52 0.22 6 120
0.77 0.78 0.27 0.37 0.5 0 0.49 0.22 6 122
0.69 0.66 0.36 0.09 0.5 0 0.56 0.22 6 121
0.74 0.73 0.32 0.2 0.5 0 0.55 0.22 6 126
0.79 0.79 0.42 0.26 0.5 0 0.6 0.22 6 117
0.73 0.83 0.43 0.3 0.5 0 0.55 0.22 6 94
0.77 0.74 0.37 0.29 0.5 0 0.45 0.22 6 134
0.8 0.82 0.4 0.31 0.5 0 0.57 0.25 6 124
0.85 0.66 0.49 0.18 0.5 0 0.51 0.22 6 111
0.88 0.72 0.32 0.3 0.5 0 0.52 0.33 6 114
0.78 0.69 0.44 0.26 0.5 0 0.54 0.22 6 109
0.75 0.7 0.38 0.27 0.5 0 0.49 0.22 6 93
0.84 0.66 0.36 0.78 0.5 0 0.49 0.5 6 98
0.85 0.69 0.34 0.31 0.5 0 0.57 0.3 6 113
0.7 0.69 0.43 0.33 0.5 0 0.58 0.22 6 99
0.7 0.73 0.37 0.37 0.5 0 0.48 0.31 6 102
0.77 0.7 0.44 0.29 0.5 0 0.56 0.22 6 116
0.89 0.81 0.36 0.71 0.5 0 0.55 0.63 6 101
0.8 0.88 0.36 0.39 0.5 0 0.56 0.33 6 91
0.71 0.79 0.41 0.38 0.5 0 0.54 0.22 6 123
0.8 0.83 0.43 0.24 0.5 0 0.54 0.22 6 118
0.8 0.73 0.47 0.19 0.5 0 0.49 0.22 6 131
0.74 0.89 0.32 0.24 0.5 0 0.54 0.32 6 108
0.58 0.76 0.4 0.37 0.5 0 0.54 0.3 5 155
0.89 0.52 0.41 0.26 0.5 0 0.52 0.31 5 163
0.68 0.5 0.43 0.27 0.5 0 0.61 0.22 5 150
0.67 0.57 0.36 0.19 0.5 0 0.56 0.22 5 185
0.57 0.59 0.44 0.16 0.5 0 0.52 0.22 5 143
0.81 0.9 0.39 0.41 0.5 0 0.53 0.22 5 147
0.78 0.63 0.53 0.13 0.5 0 0.54 0.22 5 164
0.86 0.68 0.39 0.24 0.5 0 0.54 0.22 5 135
0.77 0.6 0.42 0.33 0.5 0 0.57 0.22 5 153
0.55 0.52 0.44 0.2 0.5 0 0.56 0.22 5 171
0.76 0.67 0.37 0.22 0.5 0 0.54 0.22 5 167
0.46 0.47 0.44 0.18 1 0 0.46 0.22 5 172
0.69 0.61 0.38 0.27 0.5 0 0.52 0.22 5 139
0.66 0.66 0.32 0.54 0.5 0 0.51 0.22 5 161
0.95 0.71 0.27 0.39 0.5 0 0.31 0.22 5 168
0.7 0.57 0.34 0.19 0.5 0 0.53 0.27 5 176
0.34 0.38 0.45 0.19 0.5 0 0.51 0.22 5 145
0.92 0.61 0.4 0.22 0.5 0 0.54 0.22 5 144
0.73 0.55 0.41 0.16 0.5 0 0.46 0.22 5 146
0.8 0.69 0.53 0.33 0.5 0 0.51 0.22 5 177
0.83 0.57 0.42 0.57 0.5 0 0.5 0.32 5 165
0.37 0.42 0.46 0.15 0.5 0 0.51 0.31 5 175
0.88 0.75 0.41 0.36 0.5 0 0.43 0.22 5 179
0.83 0.58 0.33 0.04 0.5 0 0.53 0.22 5 141
0.94 0.6 0.33 0.49 0.5 0 0.54 0.22 5 156
0.81 0.62 0.43 0.17 0.5 0 0.53 0.22 5 184
0.74 0.75 0.58 0.47 0.5 0 0.4 0.35 5 138
0.36 0.34 0.46 0.19 0.5 0 0.52 0.22 5 158
0.83 0.53 0.52 0.2 0.5 0 0.48 0.25 5 157
0.86 0.74 0.51 0.4 0.5 0 0.55 0.22 5 136
0.81 0.76 0.32 0.37 0.5 0 0.51 0.22 5 151
0.86 0.78 0.34 0.15 0.5 0 0.53 0.22 5 182
0.74 0.56 0.35 0.36 0.5 0 0.51 0.25 5 162
0.79 0.62 0.35 0.35 0.5 0 0.6 0.28 5 178
0.65 0.61 0.39 0.3 0.5 0 0.57 0.28 4 245
0.46 0.4 0.38 0.18 0.5 0 0.49 0.22 4 251
0.49 0.55 0.41 0.19 0.5 0 0.48 0.31 4 298
0.37 0.51 0.39 0.18 0.5 0 0.51 0.27 4 269
0.39 0.33 0.33 0.23 0.5 0 0.47 0.22 4 338
0.53 0.51 0.36 0.13 0.5 0 0.52 0.22 4 259
0.47 0.6 0.35 0.21 0.5 0 0.52 0.22 4 256
0.32 0.45 0.39 0.14 0.5 0 0.45 0.22 4 329
0.39 0.58 0.5 0.26 0.5 0 0.54 0.59 4 196
0.36 0.33 0.38 0.15 0.5 0 0.55 0.36 4 272
0.42 0.28 0.33 0.23 0.5 0 0.39 0.26 4 282
0.32 0.29 0.29 0.08 0.5 0 0.52 0.22 4 348
0.51 0.51 0.32 0.27 0.5 0 0.54 0.22 4 277
0.43 0.6 0.4 0.12 0.5 0 0.49 0.29 4 320
0.39 0.44 0.28 0.12 0.5 0 0.46 0.27 4 217
0.49 0.49 0.4 0.2 0.5 0 0.48 0.26 4 311
0.36 0.35 0.47 0.22 0.5 0 0.44 0.31 4 248
0.41 0.48 0.38 0.13 0.5 0 0.51 0.35 4 260
0.55 0.35 0.36 0.29 0.5 0 0.51 0.22 4 324
0.65 0.66 0.37 0.12 0.5 0 0.52 0.27 4 280
0.49 0.56 0.37 0.2 0.5 0 0.53 0.22 4 343
0.41 0.54 0.39 0.2 0.5 0 0.51 0.22 4 186
0.31 0.51 0.38 0.18 0.5 0 0.46 0.31 4 302
0.41 0.53 0.45 0.14 0.5 0 0.52 0.66 4 188
0.58 0.6 0.43 0.12 0.5 0 0.55 0.22 4 210
0.53 0.68 0.34 0.42 0.5 0 0.54 0.27 4 227
0.51 0.55 0.35 0.16 0.5 0 0.51 0.47 4 206
0.38 0.5 0.37 0.26 0.5 0 0.43 0.22 4 191
0.3 0.5 0.34 0.26 0.5 0 0.51 0.22 4 230
0.28 0.48 0.36 0.16 0.5 0 0.53 0.22 4 330
0.67 0.61 0.39 0.24 0.5 0 0.51 0.22 4 326
0.38 0.67 0.33 0.17 0.5 0 0.51 0.22 4 337
0.39 0.37 0.33 0.23 0.5 0 0.53 0.26 4 253
0.38 0.45 0.37 0.19 0.5 0 0.52 0.3 4 262
0.44 0.51 0.37 0.15 0.5 0 0.51 0.22 4 221
0.59 0.48 0.41 0.53 0.5 0 0.48 0.56 4 305
0.46 0.14 0.36 0.21 0.5 0 0.5 0.25 4 252
0.52 0.55 0.39 0.09 1 0 0.55 0.25 4 281
0.41 0.42 0.23 0.16 0.5 0 0.4 0.22 4 292
0.45 0.57 0.3 0.17 0.5 0 0.51 0.22 4 236
0.58 0.53 0.33 0.26 0.5 0 0.51 0.22 4 273
0.5 0.63 0.45 0.13 0.5 0 0.45 0.32 4 339
0.4 0.43 0.36 0.33 0.5 0 0.51 0.22 4 286
0.54 0.55 0.42 0.22 0.5 0 0.48 0.22 4 216
0.42 0.44 0.33 0.17 0.5 0 0.54 0.27 4 237
0.39 0.49 0.3 0.19 0.5 0 0.52 0.31 4 268
0.58 0.53 0.38 0.18 0.5 0 0.52 0.22 4 212
0.51 0.63 0.3 0.35 0.5 0 0.53 0.27 4 226
0.45 0.57 0.3 0.17 0.5 0 0.51 0.22 4 235
0.43 0.28 0.41 0.32 0.5 0 0.52 0.22 4 301
0.44 0.43 0.34 0.21 0.5 0 0.55 0.4 4 267
0.37 0.34 0.32 0.22 0.5 0 0.56 0.22 4 219
0.4 0.65 0.38 0.17 0.5 0 0.57 0.22 4 297
0.38 0.42 0.31 0.35 0.5 0 0.52 0.22 4 283
0.48 0.49 0.45 0.23 0.5 0 0.51 0.22 4 258
0.49 0.53 0.36 0.15 0.5 0 0.52 0.27 4 309
0.39 0.42 0.38 0.4 0.5 0 0.49 0.47 4 200
0.55 0.39 0.39 0.47 0.5 0 0.5 0.83 4 304
0.27 0.49 0.36 0.26 0.5 0 0.49 0.26 4 270
0.35 0.45 0.43 0.11 0.5 0 0.56 0.22 4 197
0.38 0.37 0.36 0.14 0.5 0 0.54 0.22 4 333
0.2 0.6 0.5 0.29 0.5 0 0.51 0.22 4 340
0.43 0.48 0.36 0.26 0.5 0 0.52 0.22 4 306
0.32 0.36 0.28 0.38 0.5 0 0.5 0.4 4 296
0.51 0.38 0.42 0.21 0.5 0 0.46 0.34 4 328
0.46 0.59 0.38 0.12 0.5 0 0.5 0.22 4 319
0.22 0.53 0.36 0.22 0.5 0 0.54 0.31 4 317
0.29 0.43 0.4 0.15 0.5 0 0.53 0.22 4 208
0.46 0.61 0.38 0.35 0.5 0 0.49 0.22 4 299
0.54 0.44 0.35 0.19 0.5 0 0.51 0.27 4 279
0.29 0.26 0.43 0.17 0.5 0 0.55 0.3 4 341
0.45 0.66 0.39 0.11 0.5 0 0.54 0.22 4 274
0.51 0.47 0.41 0.44 0.5 0 0.5 0.22 4 255
0.36 0.58 0.35 0.24 0.5 0 0.44 0.22 4 192
0.26 0.5 0.33 0.28 0.5 0 0.51 0.22 4 199
0.49 0.4 0.34 0.26 0.5 0 0.5 0.22 4 231
0.66 0.55 0.34 0.2 0.5 0 0.62 0.22 4 271
0.44 0.59 0.36 0.16 0.5 0 0.52 0.22 4 194
0.46 0.48 0.38 0.22 0.5 0 0.39 0.45 4 284
0.26 0.3 0.37 0.15 0.5 0 0.53 0.25 4 314
0.42 0.51 0.39 0.22 0.5 0 0.49 0.26 4 250
0.31 0.3 0.34 0.19 0.5 0 0.55 0.3 4 263
0.39 0.46 0.33 0.18 0.5 0 0.53 0.22 4 276
0.49 0.46 0.34 0.21 0.5 0 0.55 0.22 4 222
0.39 0.63 0.41 0.27 0.5 0 0.49 0.22 4 310
0.47 0.61 0.5 0.23 0.5 0 0.49 0.22 4 264
0.36 0.49 0.3 0.22 0.5 0 0.52 0.31 4 207
0.52 0.65 0.36 0.37 0.5 0 0.52 0.34 4 285
0.47 0.43 0.35 0.32 0.5 0 0.54 0.22 4 246
0.39 0.56 0.34 0.18 0.5 0 0.49 0.22 4 327
0.43 0.41 0.37 0.18 0.5 0 0.54 0.31 4 318
0.25 0.35 0.22 0.18 0.5 0 0.46 0.22 4 288
0.43 0.44 0.3 0.18 0.5 0 0.51 0.22 4 233
0.26 0.44 0.3 0.11 0.5 0 0.51 0.47 4 201
0.44 0.41 0.29 0.21 0.5 0 0.49 0.22 4 257
0.31 0.4 0.31 0.17 0.5 0 0.52 0.22 4 303
0.34 0.4 0.3 0.23 0.5 0 0.51 0.22 4 232
0.52 0.46 0.34 0.2 0.5 0 0.51 0.25 4 346
0.55 0.42 0.34 0.3 0.5 0 0.52 0.22 4 204
0.43 0.45 0.37 0.12 0.5 0 0.48 0.22 4 234
0.42 0.24 0.34 0.16 0.5 0 0.5 0.22 4 187
0.33 0.28 0.31 0.24 0.5 0 0.53 0.22 4 228
0.28 0.58 0.21 0.13 0.5 0 0.51 0.22 4 189
0.49 0.31 0.43 0.24 0.5 0 0.54 0.22 4 294
0.48 0.43 0.45 0.17 0.5 0 0.48 0.37 4 247
0.45 0.5 0.43 0.16 0.5 0 0.52 0.28 4 315
0.39 0.81 0.35 0.28 0.5 0 0.51 0.45 4 261
0.45 0.57 0.38 0.28 0.5 0 0.53 0.31 4 290
0.36 0.5 0.39 0.23 0.5 0 0.5 0.22 4 300
0.5 0.41 0.44 0.5 0.5 0 0.42 0.22 3 410
0.49 0.45 0.54 0.4 0.5 0 0.55 0.22 3 547
0.39 0.58 0.47 0.18 0.5 0 0.48 0.22 3 589
0.26 0.28 0.6 0.2 0.5 0 0.54 0.31 3 535
0.68 0.53 0.44 0.31 0.5 0 0.51 0.22 3 551
0.53 0.61 0.51 0.49 0.5 0 0.54 0.27 3 520
0.64 0.62 0.49 0.15 0.5 0 0.53 0.22 3 351
0.46 0.43 0.38 0.33 0.5 0 0.48 0.28 3 401
0.46 0.61 0.55 0.29 0.5 0 0.49 0.22 3 580
0.43 0.57 0.51 0.49 0.5 0 0.48 0.22 3 372
0.58 0.53 0.57 0.46 0.5 0 0.51 0.27 3 495
0.78 0.75 0.4 0.28 0.5 0 0.53 0.22 3 380
0.6 0.59 0.47 0.47 0.5 0 0.53 0.22 3 544
0.51 0.56 0.51 0.42 0.5 0 0.53 0.36 3 503
0.72 0.58 0.42 0.28 0.5 0 0.48 0.22 3 453
0.72 0.61 0.37 0.3 0.5 0 0.57 0.22 3 400
0.46 0.41 0.5 0.44 0.5 0 0.53 0.22 3 443
0.38 0.54 0.54 0.41 0.5 0 0.51 0.22 3 497
0.42 0.49 0.49 0.36 0.5 0 0.57 0.26 3 556
0.67 0.62 0.54 0.43 0.5 0 0.53 0.22 3 388
0.61 0.73 0.5 0.58 0.5 0 0.5 0.22 3 575
0.51 0.68 0.49 0.59 0.5 0 0.54 0.27 3 430
0.55 0.53 0.56 0.29 0.5 0 0.48 0.22 3 427
0.68 0.5 0.55 0.65 0.5 0 0.46 0.31 3 449
0.61 0.72 0.39 0.33 0.5 0 0.58 0.22 3 379
0.45 0.53 0.47 0.43 0.5 0 0.5 0.27 3 531
0.47 0.54 0.53 0.77 0.5 0 0.52 0.36 3 541
0.5 0.53 0.45 0.44 0.5 0 0.49 0.22 3 435
0.62 0.59 0.54 0.47 0.5 0 0.46 0.22 3 493
0.46 0.44 0.53 0.31 0.5 0 0.48 0.22 3 509
0.61 0.72 0.31 0.33 0.5 0 0.56 0.22 3 394
0.47 0.46 0.59 0.49 0.5 0 0.56 0.22 3 415
0.38 0.46 0.52 0.75 0.5 0 0.5 0.26 3 429
0.61 0.59 0.47 0.49 0.5 0 0.54 0.22 3 511
0.59 0.58 0.47 0.61 0.5 0 0.44 0.3 3 538
0.6 0.54 0.54 0.53 0.5 0 0.52 0.27 3 527
0.51 0.54 0.6 0.57 0.5 0 0.58 0.22 3 375
0.56 0.68 0.52 0.39 0.5 0 0.36 0.22 3 533
0.51 0.45 0.62 0.25 0.5 0 0.59 0.22 3 592
0.36 0.4 0.53 0.48 0.5 0 0.48 0.22 3 471
0.55 0.41 0.67 0.61 0.5 0 0.49 0.14 3 571
0.47 0.41 0.53 0.27 0.5 0 0.47 0.25 3 583
0.49 0.44 0.45 0.55 0.5 0 0.48 0.22 3 505
0.4 0.56 0.48 0.14 0.5 0 0.47 0.22 3 418
0.51 0.42 0.56 0.38 0.5 0 0.46 0.22 3 472
0.51 0.48 0.51 0.43 0.5 0 0.49 0.22 3 507
0.52 0.53 0.58 0.69 0.5 0 0.5 0.22 3 588
0.56 0.5 0.61 0.49 0.5 0 0.46 0.28 3 489
0.57 0.57 0.44 0.37 0.5 0 0.52 0.25 3 402
0.45 0.58 0.48 0.67 0.5 0 0.52 0.22 3 363
0.52 0.64 0.34 0.16 0.5 0 0.57 0.22 3 523
0.63 0.6 0.5 0.27 0.5 0 0.55 0.22 3 508
0.55 0.5 0.6 0.31 0.5 0 0.46 0.27 3 494
0.39 0.28 0.54 0.14 0.5 0 0.59 0.22 3 526
0.36 0.44 0.57 0.18 0.5 0 0.42 0.22 3 446
0.47 0.54 0.54 0.48 0.5 0 0.53 0.26 3 452
0.47 0.41 0.66 0.26 0.5 0 0.53 0.22 3 385
0.48 0.57 0.52 0.61 0.5 0 0.51 0.22 3 447
0.52 0.77 0.38 0.34 0.5 0 0.51 0.22 3 407
0.58 0.62 0.54 0.17 0.5 0 0.48 0.22 3 390
0.6 0.5 0.44 0.61 0.5 0 0.47 0.22 3 365
0.51 0.5 0.49 0.45 0.5 0 0.48 0.22 3 570
0.46 0.54 0.71 0.15 0.5 0 0.59 0.22 3 417
0.41 0.49 0.58 0.22 0.5 0 0.52 0.22 3 525
0.35 0.49 0.47 0.22 0.5 0 0.5 0.28 3 439
0.63 0.57 0.59 0.4 0.5 0 0.38 0.22 3 371
0.52 0.54 0.47 0.49 0.5 0 0.54 0.22 3 559
0.42 0.53 0.53 0.64 0.5 0 0.47 0.22 3 476
0.45 0.45 0.5 0.6 0.5 0 0.49 0.22 3 381
0.5 0.54 0.48 0.65 0.5 0 0.53 0.22 3 353
0.42 0.31 0.62 0.12 0.5 0 0.4 0.22 3 403
0.54 0.51 0.54 0.52 0.5 0 0.47 0.25 3 444
0.42 0.58 0.41 0.65 0.5 0 0.46 0.26 3 405
0.47 0.52 0.54 0.25 0.5 0 0.54 0.29 3 564
0.69 0.5 0.49 0.42 0.5 0 0.49 0.22 3 424
0.41 0.54 0.58 0.2 0.5 0 0.52 0.22 3 473
0.59 0.45 0.58 0.21 0.5 0 0.49 0.22 3 536
0.61 0.54 0.54 0.38 0.5 0 0.54 0.29 3 573
0.53 0.56 0.49 0.46 0.5 0 0.52 0.22 3 431
0.55 0.59 0.47 0.64 0.5 0 0.54 0.33 3 500
0.51 0.51 0.52 0.51 0.5 0 0.54 0.22 3 357
0.47 0.56 0.53 0.44 0.5 0 0.53 0.22 3 566
0.43 0.35 0.52 0.52 0.5 0 0.54 0.22 3 364
0.36 0.38 0.56 0.44 0.5 0 0.48 0.22 3 491
0.57 0.4 0.62 0.3 0.5 0 0.48 0.11 3 474
0.6 0.59 0.45 0.23 0.5 0 0.55 0.22 3 465
0.53 0.44 0.51 0.33 0.5 0 0.52 0.22 3 416
0.47 0.45 0.53 0.62 0.5 0 0.46 0.22 3 426
0.58 0.55 0.52 0.22 0.5 0 0.44 0.22 3 441
0.58 0.63 0.52 0.7 0.5 0 0.46 0.22 3 582
0.6 0.51 0.52 0.45 0.5 0 0.5 0.27 3 518
0.48 0.52 0.49 0.35 0.5 0.5 0.51 0.22 3 537
0.72 0.62 0.34 0.29 0.5 0 0.56 0.28 3 399
0.48 0.47 0.54 0.55 0.5 0 0.51 0.65 3 464
0.55 0.45 0.45 0.54 0.5 0 0.5 0.22 3 413
0.45 0.39 0.46 0.29 0.5 0 0.42 0.22 3 578
0.45 0.59 0.53 0.74 0.5 0 0.47 0.25 3 436
0.5 0.32 0.49 0.49 0.5 0 0.48 0.32 3 530
0.53 0.53 0.6 0.13 0.5 0 0.49 0.22 3 419
0.44 0.53 0.53 0.37 0.5 0 0.51 0.22 3 515
0.57 0.53 0.53 0.34 0.5 0 0.53 0.22 3 362
0.56 0.65 0.49 0.56 0.5 0 0.49 0.22 3 560
0.45 0.55 0.54 0.66 0.5 0 0.47 0.22 3 366
0.53 0.51 0.55 0.57 0.5 0 0.46 0.22 3 561
0.52 0.51 0.51 0.54 0.5 0 0.55 0.27 3 395
0.58 0.49 0.5 0.41 0.5 0 0.57 0.22 3 456
0.46 0.38 0.47 0.22 0.5 0 0.52 0.27 3 378
0.55 0.53 0.55 0.46 0.5 0 0.52 0.22 3 387
0.43 0.67 0.48 0.27 0.5 0 0.53 0.22 3 350
0.6 0.46 0.59 0.16 0.5 0 0.49 0.22 3 490
0.49 0.42 0.56 0.55 0.5 0 0.42 0.25 3 368
0.5 0.49 0.59 0.47 0.5 0 0.49 0.36 3 463
0.45 0.56 0.51 0.64 0.5 0 0.54 0.22 3 428
0.28 0.18 0.72 0.26 0.5 0 0.49 0.25 3 572
0.53 0.52 0.61 0.35 0.5 0 0.5 0.22 3 492
0.67 0.68 0.46 0.29 0.5 0 0.46 0.22 3 414
0.58 0.61 0.47 0.13 0.5 0 0.48 0.22 3 349
0.6 0.62 0.54 0.4 0.5 0 0.5 0.22 3 470
0.71 0.59 0.48 0.43 0.5 0 0.59 0.22 3 392
0.59 0.57 0.43 0.26 0.5 0 0.51 0.22 3 469
0.5 0.62 0.52 0.3 0.5 0 0.56 0.22 3 546
0.5 0.4 0.56 0.7 0.5 0 0.5 0.22 3 411
0.57 0.51 0.34 0.13 0.5 0 0.53 0.27 3 567
0.47 0.58 0.47 0.52 0.5 0 0.54 0.22 3 563
0.66 0.55 0.45 0.19 0.5 0 0.46 0.22 3 356
0.37 0.51 0.57 0.4 0.5 0 0.48 0.27 3 519
0.42 0.44 0.48 0.54 0.5 0 0.48 0.22 3 352
0.46 0.62 0.46 0.54 0.5 0 0.51 0.27 3 587
0.63 0.47 0.56 0.12 0.5 0 0.5 0.22 3 512
0.54 0.64 0.4 0.56 0.5 0 0.51 0.22 3 562
0.45 0.38 0.64 0.14 0.5 0 0.54 0.22 3 479
0.45 0.73 0.47 0.65 0.5 0 0.54 0.43 3 466
0.59 0.6 0.49 0.43 0.5 0 0.53 0.31 3 389
0.5 0.61 0.44 0.2 0.5 0 0.49 0.22 3 586
0.49 0.52 0.53 0.7 0.5 0 0.51 0.22 3 528
0.58 0.58 0.58 0.49 0.5 0 0.49 0.26 3 398
0.53 0.5 0.54 0.56 0.5 0 0.49 0.41 3 445
0.23 0.37 0.32 0.13 0.5 0 0.53 0.22 3 568
0.32 0.47 0.55 0.25 0.5 0 0.49 0.22 3 458
0.5 0.58 0.46 0.46 0.5 0 0.46 0.22 3 374
0.47 0.63 0.66 0.45 0.5 0 0.37 0.11 3 440
0.58 0.67 0.49 0.16 0.5 0 0.47 0.28 3 585
0.42 0.57 0.72 0.22 0.5 0 0.57 0.22 3 420
0.61 0.46 0.51 0.37 0.5 0 0.51 0.22 3 499
0.45 0.43 0.63 0.4 0.5 0 0.59 0.11 3 483
0.44 0.68 0.45 0.51 0.5 0 0.52 0.41 3 421
0.54 0.64 0.5 0.13 0.5 0 0.49 0.22 3 501
0.4 0.74 0.49 0.16 0.5 0 0.51 0.22 3 502
0.51 0.52 0.48 0.5 0.5 0 0.51 0.22 3 433
0.55 0.49 0.5 0.46 0.5 0 0.52 0.25 3 434
0.51 0.59 0.46 0.13 0.5 0 0.48 0.22 3 584
0.51 0.46 0.54 0.41 0.5 0 0.53 0.22 3 517
0.55 0.38 0.64 0.42 0.5 0 0.47 0.22 3 553
0.66 0.37 0.6 0.25 0.5 0 0.69 0.22 3 576
0.47 0.47 0.57 0.48 0.5 0 0.48 0.22 3 383
0.66 0.52 0.52 0.44 0.5 0 0.56 0.27 3 462
0.58 0.52 0.61 0.33 0.5 0 0.38 0.11 3 485
0.56 0.71 0.47 0.21 0.5 0 0.52 0.22 3 581
0.43 0.32 0.5 0.29 0.5 0 0.5 0.22 3 504
0.51 0.46 0.4 0.65 0.5 0 0.49 0.22 3 543
0.59 0.67 0.56 0.41 0.5 0 0.47 0.22 3 382
0.55 0.53 0.54 0.4 0.5 0 0.48 0.22 3 513
0.4 0.52 0.53 0.52 0.5 0 0.51 0.22 3 457
0.37 0.58 0.5 0.22 0.5 0 0.47 0.22 2 868
0.39 0.16 0.59 0.08 0.5 0 0.51 0.27 2 830
0.38 0.4 0.39 0.19 0.5 0 0.46 0.62 2 1015
0.53 0.44 0.47 0.22 0.5 0 0.53 0.22 2 723
0.58 0.56 0.38 0.39 0.5 0 0.54 0.57 2 1018
0.56 0.5 0.56 0.26 0.5 0 0.53 0.27 2 806
0.45 0.21 0.49 0.24 0.5 0 0.46 0.31 2 771
0.36 0.48 0.5 0.13 0.5 0 0.49 0.6 2 838
0.41 0.6 0.53 0.29 0.5 0 0.47 0.43 2 683
0.41 0.59 0.65 0.14 0.5 0 0.49 0.33 2 975
0.5 0.45 0.53 0.21 0.5 0 0.28 0.22 2 808
0.48 0.45 0.63 0.19 0.5 0 0.58 0.22 2 877
0.19 0.66 0.6 0.14 0.5 0 0.2 0.25 2 956
0.6 0.57 0.52 0.14 0.5 0 0.46 0.48 2 897
0.34 0.48 0.47 0.19 0.5 0 0.5 0.3 2 878
0.69 0.62 0.49 0 1 0 0.47 0.22 2 783
0.23 0.2 0.53 0.2 0.5 0 0.44 0.22 2 650
0.42 0.28 0.51 0.23 0.5 0 0.53 0.27 2 809
0.62 0.41 0.52 0.17 0.5 0 0.48 0.22 2 818
0.88 0.59 0.54 0.39 0.5 0 0.41 0.3 2 780
0.37 0.48 0.5 0.26 0.5 0 0.52 0.39 2 803
0.5 0.5 0.48 0.34 0.5 0 0.52 0.27 2 985
0.23 0.3 0.58 0.22 0.5 0 0.48 0.27 2 671
0.5 0.51 0.52 0.09 0.5 0 0.48 0.25 2 656
0.28 0.37 0.61 0.09 0.5 0 0.52 0.55 2 623
0.56 0.52 0.48 0.17 0.5 0 0.46 0.22 2 638
0.34 0.34 0.61 0.18 0.5 0 0.52 0.32 2 709
0.54 0.56 0.57 0.18 0.5 0 0.45 0.25 2 675
0.49 0.48 0.51 0.21 0.5 0 0.53 0.22 2 946
0.34 0.66 0.51 0.16 0.5 0 0.47 0.33 2 679
0.51 0.61 0.5 0.23 0.5 0 0.52 0.61 2 848
0.36 0.68 0.46 0.16 0.5 0 0.53 0.28 2 628
0.38 0.42 0.47 0.12 0.5 0 0.47 0.53 2 955
0.51 0.55 0.56 0.18 0.5 0 0.5 0.38 2 832
0.44 0.53 0.52 0.37 0.5 0 0.5 0.22 2 707
0.48 0.54 0.53 0.6 0.5 0 0.53 0.31 2 761
0.42 0.21 0.59 0.3 0.5 0 0.47 0.27 2 864
0.44 0.45 0.53 0.19 0.5 0 0.41 0.28 2 854
0.37 0.47 0.49 0.12 0.5 0 0.47 0.31 2 913
0.25 0.36 0.58 0.3 0.5 0 0.58 0.31 2 782
0.43 0.83 0.55 0.2 0.5 0 0.47 0.4 2 739
0.43 0.48 0.53 0.18 0.5 0 0.46 0.22 2 834
0.48 0.43 0.51 0.32 0.5 0 0.52 0.43 2 605
0.33 0.46 0.53 0.29 0.5 0 0.5 0.55 2 762
0.48 0.65 0.36 0.24 0.5 0 0.54 0.31 2 939
0.27 0.36 0.6 0.33 0.5 0 0.37 0.31 2 647
0.4 0.49 0.53 0.23 0.5 0 0.44 0.26 2 906
0.52 0.37 0.48 0.13 0.5 0 0.55 0.22 2 819
0.25 0.4 0.52 0.15 0.5 0 0.56 0.28 2 1017
0.31 0.5 0.54 0.32 0.5 0 0.53 0.31 2 952
0.37 0.46 0.4 0.27 0.5 0 0.45 0.22 2 622
0.44 0.62 0.53 0.27 0.5 0 0.49 0.22 2 895
0.52 0.46 0.56 0.25 0.5 0 0.52 0.22 2 883
0.62 0.51 0.52 0.42 0.5 0 0.54 0.27 2 616
0.52 0.48 0.54 0.28 0.5 0 0.54 0.22 2 720
0.53 0.61 0.52 0.21 0.5 0 0.55 0.3 2 657
0.4 0.37 0.54 0.13 0.5 0 0.48 0.22 2 796
0.59 0.67 0.54 0.19 0.5 0 0.48 0.6 2 1019
0.49 0.45 0.57 0.24 0.5 0 0.47 0.38 2 823
0.45 0.46 0.55 0.43 0.5 0 0.55 0.38 2 603
0.5 0.42 0.57 0.49 0.5 0 0.48 0.27 2 797
0.43 0.39 0.51 0.28 0.5 0 0.4 0.22 2 704
0.38 0.44 0.55 0.44 0.5 0 0.47 0.51 2 880
0.41 0.39 0.44 0.34 0.5 0 0.48 0.4 2 627
0.7 0.51 0.47 0.24 0.5 0 0.53 0.25 2 781
0.47 0.43 0.48 0.16 0.5 0 0.46 0.27 2 835
0.57 0.59 0.49 0.86 0.5 0 0.47 0.22 2 1014
0.45 0.49 0.57 0.25 0.5 0 0.48 0.22 2 866
0.5 0.52 0.59 0.3 0.5 0 0.51 0.35 2 607
0.44 0.44 0.49 0.15 0.5 0 0.46 0.27 2 668
0.56 0.61 0.52 0.19 0.5 0 0.52 0.32 2 896
0.43 0.39 0.54 0.21 0.5 0 0.53 0.27 2 595
0.58 0.31 0.6 0.12 0.5 0 0.47 0.33 2 851
0.45 0.41 0.58 0.48 0.5 0 0.53 0.64 2 778
0.32 0.49 0.53 0.28 0.5 0 0.5 0.5 2 856
0.61 0.57 0.45 0.21 0.5 0 0.5 0.42 2 696
0.45 0.36 0.5 0.19 0.5 0 0.53 0.7 2 982
0.45 0.38 0.59 0.18 0.5 0 0.44 0.45 2 712
0.44 0.65 0.49 0.16 0.5 0 0.48 0.31 2 968
0.45 0.4 0.56 0.15 0.5 0 0.52 0.22 2 970
0.33 0.55 0.51 0.43 0.5 0 0.51 0.22 2 601
0.53 0.53 0.53 0.17 0.5 0 0.49 0.37 2 701
0.51 0.5 0.54 0.11 0.5 0 0.6 0.22 2 925
0.31 0.39 0.55 0.28 0.5 0 0.46 0.31 2 841
0.51 0.6 0.51 0.26 0.5 0 0.54 0.22 2 748
0.32 0.6 0.48 0.13 0.5 0 0.53 0.22 2 914
0.42 0.51 0.5 0.12 0.5 0 0.52 0.46 2 632
0.72 0.51 0.52 0.08 0.5 0 0.54 0.22 2 872
0.58 0.56 0.45 0.12 0.5 0 0.51 0.22 2 639
0.64 0.52 0.5 0.26 0.5 0 0.51 0.31 2 787
0.48 0.55 0.58 0.18 0.5 0 0.38 0.69 2 920
0.33 0.17 0.52 0.13 0.5 0 0.51 0.75 2 977
0.41 0.48 0.54 0.24 0.5 0 0.37 0.51 2 792
0.56 0.45 0.59 0.14 0.5 0 0.51 0.26 2 711
0.37 0.34 0.58 0.24 0.5 0 0.44 0.18 2 691
0.24 0.41 0.47 0.16 0.5 0 0.51 0.38 2 828
0.61 0.46 0.44 0.47 0.5 0 0.5 0.37 2 789
0.48 0.23 0.57 0.27 0.5 0 0.48 0.47 2 609
0.49 0.31 0.49 0.35 0.5 0 0.51 0.29 2 636
0.87 0.47 0.6 0.47 0.5 0 0.59 0.22 2 773
0.41 0.52 0.56 0.26 0.5 0 0.48 0.32 2 844
0.37 0.34 0.58 0.24 0.5 0 0.44 0.18 2 692
0.41 0.53 0.41 0.15 0.5 0 0.54 0.25 2 807
0.39 0.44 0.54 0.24 0.5 0 0.51 0.49 2 833
0.45 0.48 0.56 0.56 0.5 0 0.47 0.22 2 811
0.36 0.39 0.55 0.26 0.5 0 0.49 0.22 2 758
0.46 0.32 0.58 0.17 0.5 0 0.61 0.25 2 727
0.3 0.32 0.57 0.19 0.5 0 0.48 0.55 2 611
0.49 0.36 0.47 0.28 0.5 0 0.56 0.54 2 988
0.34 0.58 0.5 0.26 0.5 0 0.51 0.22 2 861
0.47 0.44 0.53 0.18 0.5 0 0.47 0.29 2 905
0.47 0.37 0.46 0.28 0.5 0 0.52 0.99 2 901
0.53 0.54 0.43 0.18 0.5 0 0.53 0.31 2 795
0.5 0.45 0.49 0.3 0.5 0 0.47 0.4 2 714
0.29 0.4 0.5 0.16 0.5 0 0.51 0.34 2 893
0.54 0.52 0.54 0.2 0.5 0 0.55 0.25 2 741
0.43 0.39 0.54 0.14 0.5 0 0.47 0.22 2 655
0.54 0.57 0.52 0.19 0.5 0 0.59 0.67 2 665
0.64 0.56 0.52 0.17 0.5 0 0.54 0.47 2 994
0.37 0.48 0.67 0.37 0.5 0 0.56 0.62 2 937
0.38 0.48 0.51 0.13 0.5 0 0.5 0.32 2 799
0.49 0.51 0.52 0.13 0.5 0 0.51 0.33 2 969
0.25 0.33 0.48 0.18 0.5 0 0.42 0.33 2 953
0.57 0.55 0.52 0.16 0.5 0 0.49 0.39 2 855
0.37 0.22 0.64 0.35 0.5 0 0.47 0.22 2 697
0.54 0.59 0.57 0.34 0.5 0 0.49 0.22 2 904
0.38 0.44 0.57 0.14 0.5 0 0.53 0.52 2 1008
0.49 0.71 0.54 0.13 0.5 0 0.58 0.22 2 805
0.59 0.49 0.45 0.22 0.5 0 0.45 0.31 2 940
0.47 0.49 0.63 0.17 0.5 0 0.31 0.26 2 685
0.26 0.36 0.47 0.34 0.5 0 0.53 0.72 2 624
0.31 0.6 0.65 0.18 0.5 0 0.46 0.22 2 888
0.33 0.21 0.53 0.15 1 0 0.52 0.5 2 822
0.57 0.37 0.43 0.27 0.5 0 0.53 0.28 2 875
0.57 0.49 0.48 0.16 0.5 0 0.51 0.22 2 718
0.5 0.56 0.63 0.25 0.5 0 0.42 0.22 2 886
0.5 0.34 0.55 0.21 0.5 0 0.49 0.22 2 598
0.34 0.35 0.58 0.2 0.5 0 0.46 0.32 2 821
0.41 0.47 0.5 0.14 0.5 0 0.53 0.37 2 1016
0.55 0.38 0.52 0.16 0.5 0 0.49 0.64 2 965
0.58 0.48 0.56 0.12 0.5 0 0.46 0.25 2 682
0.31 0.46 0.54 0.52 0.5 0 0.5 0.34 2 643
0.49 0.62 0.65 0.18 0.5 0 0.46 0.43 2 728
0.43 0.44 0.64 0.19 0.5 0 0.38 0.33 2 871
0.43 0.51 0.54 0.15 0.5 0 0.45 0.26 2 677
0.42 0.37 0.59 0.2 0.5 0 0.52 0.29 2 596
0.37 0.29 0.45 0.15 0.5 0 0.49 0.22 2 936
0.47 0.38 0.5 0.15 0.5 0 0.49 0.47 2 976
0.35 0.42 0.56 0.28 0.5 0 0.47 0.22 2 857
0.41 0.42 0.53 0.17 0.5 0 0.48 0.58 2 981
0.54 0.53 0.53 0.17 0.5 0 0.51 0.39 2 849
0.53 0.4 0.57 0.12 0.5 0 0.53 0.32 2 751
0.43 0.4 0.6 0.16 0.5 0 0.53 0.39 2 1021
0.46 0.41 0.45 0.23 0.5 0 0.48 0.22 2 928
0.32 0.45 0.44 0.2 0.5 0 0.55 0.33 2 747
0.6 0.56 0.47 0.2 0.5 0 0.5 0.38 2 653
0.37 0.45 0.53 0.14 0.5 0 0.49 0.22 2 890
0.3 0.3 0.46 0.32 0.5 0 0.45 0.22 2 815
0.61 0.6 0.55 0.21 0.5 0 0.5 0.25 2 599
0.36 0.49 0.55 0.21 0.5 0 0.55 0.33 2 892
0.56 0.49 0.47 0.13 0.5 0 0.52 0.22 2 992
0.57 0.42 0.63 0.22 0.5 0 0.68 0.32 2 889
0.58 0.44 0.45 0.32 0.5 0 0.52 0.37 2 1004
0.44 0.43 0.46 0.28 0.5 0 0.45 0.29 2 931
0.37 0.43 0.62 0.27 0.5 0 0.48 0.22 2 666
0.45 0.51 0.5 0.16 0.5 0 0.52 1 2 613
0.35 0.58 0.54 0.16 0.5 0 0.51 0.22 2 617
0.23 0.13 0.51 0.16 0.5 0 0.53 0.51 2 943
0.4 0.44 0.47 0.25 0.5 0 0.54 0.56 2 1001
0.37 0.44 0.51 0.56 0.5 0 0.5 0.38 2 826
0.56 0.57 0.63 0.39 1 0 0.59 0.4 2 687
0.45 0.41 0.53 0.49 0.5 0 0.49 0.31 2 909
0.33 0.28 0.5 0.4 0.5 0 0.46 0.61 2 831
0.39 0.39 0.55 0.52 0.5 0 0.37 0.16 2 693
0.36 0.39 0.54 0.16 0.5 0 0.5 0.28 2 801
0.38 0.51 0.56 0.21 0.5 0 0.48 0.31 2 957
0.5 0.49 0.52 0.2 0.5 0 0.43 0.52 2 731
0.64 0.76 0.51 0.18 0.5 0 0.46 0.22 2 777
0.17 0.38 0.45 0.09 0.5 0 0.54 0.27 2 676
0.47 0.32 0.51 0.24 0.5 0 0.54 0.27 2 950
0.38 0.58 0.46 0.21 0.5 0 0.52 0.22 2 933
0.58 0.37 0.58 0.16 0.5 0 0.51 0.22 2 962
0.37 0.32 0.47 0.18 0.5 0 0.45 0.25 2 604
0.48 0.47 0.59 0.41 0.5 0 0.56 0.27 2 845
0.6 0.6 0.49 0.3 0.5 0 0.53 0.22 2 669
0.44 0.52 0.41 0.23 0.5 0 0.51 0.22 2 610
0.32 0.34 0.61 0.17 0.5 0 0.52 0.32 2 708
0.55 0.49 0.45 0.18 0.5 0 0.49 0.22 2 737
0.31 0.31 0.56 0.33 0.5 0 0.52 0.33 2 635
0.49 0.38 0.49 0.15 0.5 0 0.53 0.25 2 984
0.46 0.43 0.49 0.79 0.5 0 0.49 0.63 2 658
0.51 0.48 0.58 0.22 0.5 0 0.5 0.28 2 700
0.32 0.48 0.49 0.17 0.5 0 0.47 0.22 2 820
0.43 0.38 0.51 0.24 0.5 0 0.46 0.33 2 721
0.48 0.54 0.56 0.29 0.5 0 0.51 0.43 2 960
0.48 0.62 0.52 0.3 0.5 0 0.51 0.37 2 760
0.37 0.42 0.6 0.13 0.5 0 0.51 0.22 2 790
0.54 0.54 0.56 0.18 0.5 0 0.46 0.29 2 1003
0.53 0.25 0.59 0.27 0.5 0 0.45 0.26 2 951
0.58 0.56 0.52 0.25 0.5 0 0.57 0.35 2 755
0.58 0.44 0.57 0.13 0.5 0 0.54 0.22 2 593
0.58 0.48 0.51 0.47 0.5 0 0.55 0.22 2 620
0.36 0.24 0.49 0.16 0.5 0 0.51 0.22 2 652
0.31 0.31 0.54 0.18 0.5 0 0.52 0.29 2 673
0.58 0.51 0.56 0.16 0.5 0 0.34 0.22 2 784
0.45 0.57 0.52 0.21 0.5 0 0.54 0.38 2 958
0.25 0.39 0.5 0.23 0.5 0 0.5 0.28 2 804
0.49 0.48 0.52 0.2 0.5 0 0.55 0.22 2 800
0.31 0.42 0.48 0.17 0.5 0 0.49 0.53 2 786
0.58 0.46 0.46 0.34 0.5 0 0.5 0.43 2 745
0.55 0.46 0.46 0.31 0.5 0 0.58 0.48 2 662
0.28 0.51 0.55 0.11 0.5 0 0.46 0.22 2 686
0.43 0.28 0.53 0.34 0.5 0 0.55 0.57 2 769
0.4 0.66 0.34 0.21 0.5 0 0.52 0.26 2 863
0.33 0.37 0.54 0.28 0.5 0 0.53 0.27 2 729
0.48 0.17 0.37 0.33 0.5 0 0.44 0.36 2 963
0.39 0.34 0.68 0.3 0.5 0 0.5 0.29 2 764
0.64 0.6 0.57 0.19 0.5 0 0.43 0.22 2 621
0.41 0.25 0.59 0.44 0.5 0 0.6 0.69 2 1013
0.57 0.51 0.53 0.18 0.5 0 0.56 0.25 2 633
0.47 0.46 0.53 0.12 0.5 0 0.51 0.25 2 978
0.36 0.32 0.55 0.27 0.5 0 0.47 0.43 2 927
0.4 0.53 0.44 0.18 0.5 0 0.54 0.31 2 766
0.58 0.48 0.56 0.1 0.5 0 0.46 0.25 2 681
0.56 0.59 0.54 0.18 0.5 0 0.48 0.46 2 812
0.47 0.45 0.51 0.33 0.5 0 0.46 0.26 2 869
0.33 0.28 0.52 0.15 0.5 0 0.51 0.86 2 837
0.44 0.5 0.55 0.24 0.5 0 0.48 0.22 2 884
0.43 0.41 0.51 0.34 0.5 0 0.49 0.28 2 842
0.46 0.49 0.55 0.18 0.5 0 0.56 0.22 2 900
0.33 0.42 0.55 0.23 0.5 0 0.52 0.43 2 912
0.48 0.46 0.58 0.26 0.5 0 0.44 0.22 2 793
0.45 0.4 0.43 0.22 0.5 0 0.51 0.48 2 798
0.52 0.45 0.45 0.13 0.5 0 0.48 0.22 2 935
0.38 0.37 0.56 0.21 0.5 0 0.49 0.22 2 637
0.36 0.44 0.51 0.17 0.5 0 0.6 0.19 2 763
0.33 0.43 0.64 0.16 0.5 0 0.52 0.52 2 608
0.35 0.44 0.54 0.26 0.5 0 0.52 0.26 2 768
0.31 0.44 0.53 0.23 0.5 0 0.51 0.32 2 634
0.33 0.38 0.45 0.19 0.5 0 0.54 0.37 2 788
0.45 0.51 0.43 0.22 0.5 0 0.57 0.22 2 996
0.48 0.41 0.54 0.39 0.5 0 0.51 0.22 2 814
0.54 0.45 0.62 0.13 0.5 0 0.52 0.26 2 710
0.41 0.39 0.61 0.17 0.5 0 0.5 0.61 2 966
0.33 0.39 0.52 0.09 0.5 0 0.47 0.28 2 813
0.44 0.53 0.52 0.37 0.5 0 0.5 0.22 2 706
0.4 0.4 0.44 0.37 0.5 0 0.53 0.25 2 1005
0.4 0.39 0.6 0.23 0.5 0 0.52 0.31 2 929
0.55 0.54 0.56 0.22 0.5 0 0.5 0.37 2 651
0.45 0.54 0.49 0.29 0.5 0 0.49 0.25 2 839
0.44 0.39 0.63 0.11 0.5 0 0.49 0.26 2 954
0.36 0.52 0.61 0.33 0.5 0 0.52 0.37 2 987
0.47 0.47 0.54 0.19 0.5 0 0.51 0.33 2 860
0.49 0.6 0.54 0.35 0.5 0 0.53 0.46 2 944
0.39 0.3 0.56 0.12 0.5 0 0.53 0.38 2 746
0.66 0.54 0.49 0.16 0.5 0 0.54 0.36 2 744
0.68 0.39 0.5 0.15 0.5 0 0.48 0.37 2 817
0.47 0.32 0.64 0.3 0.5 0 0.63 0.22 2 619
0.67 0.71 0.52 0.65 0.5 0 0.53 0.36 2 630
0.73 0.52 0.59 0.25 0.5 0 0.51 0.22 2 941
0.27 0.46 0.52 0.17 0.5 0 0.49 0.44 2 934
0.58 0.64 0.42 0.3 0.5 0 0.54 0.22 2 961
0.44 0.34 0.61 0.13 0.5 0 0.49 0.26 2 772
0.47 0.59 0.37 0.31 0.5 0 0.51 0.36 2 759
0.7 0.53 0.42 0.22 0.5 0 0.51 0.28 2 736
0.67 0.46 0.58 0.3 0.5 0 0.57 0.27 2 791
0.54 0.53 0.48 0.14 0.5 0 0.49 0.33 2 802
0.33 0.46 0.6 0.18 0.5 0 0.51 0.26 2 924
0.29 0.4 0.41 0.48 0.5 0 0.53 0.3 2 827
0.55 0.49 0.6 0.18 0.5 0 0.51 0.22 2 993
0.51 0.48 0.58 0.22 0.5 0 0.5 0.28 2 698
0.41 0.46 0.58 0.08 0.5 0 0.51 0.28 2 899
0.49 0.37 0.59 0.17 0.5 0 0.51 0.22 2 699
0.34 0.35 0.61 0.19 0.5 0 0.52 0.25 2 705
0.37 0.53 0.46 0.23 0.5 0 0.47 0.22 2 660
0.56 0.43 0.54 0.16 0.5 0 0.5 0.22 2 646
0.43 0.32 0.56 0.27 0.5 0 0.47 0.27 2 719
0.44 0.33 0.55 0.16 0.5 0 0.49 0.22 2 853
0.46 0.41 0.58 0.1 0.5 0 0.48 0.22 2 858
0.57 0.53 0.6 0.28 0.5 0 0.52 0.45 2 997
0.55 0.45 0.58 0.25 0.5 0 0.49 0.22 2 862
0.43 0.54 0.58 0.16 0.5 0 0.5 0.36 2 678
0.58 0.5 0.5 0.12 0.5 0 0.48 0.25 2 626
0.39 0.39 0.55 0.52 0.5 0 0.37 0.16 2 694
0.52 0.49 0.59 0.21 0.5 0 0.47 0.22 2 980
0.19 0.16 0.68 0.36 0.5 0 0.49 0.21 2 917
0.57 0.61 0.45 0.26 0.5 0 0.5 0.22 1 1119
0.47 0.59 0.56 0.09 0.5 0 0.5 0.22 1 1456
0.52 0.48 0.58 0.55 0.5 0 0.48 0.22 1 1183
0.41 0.51 0.58 0.15 0.5 0 0.45 0.27 1 1097
0.56 0.35 0.47 0.35 0.5 0 0.52 0.22 1 1301
0.5 0.4 0.57 0.17 0.5 0 0.59 0.22 1 1467
0.43 0.44 0.48 0.22 0.5 0 0.51 0.22 1 1028
0.62 0.6 0.47 0.16 0.5 0 0.53 0.22 1 1191
0.59 0.58 0.46 0.19 0.5 0 0.56 0.27 1 1113
0.38 0.4 0.66 0.35 0.5 0 0.43 0.11 1 1483
0.47 0.46 0.49 0.27 0.5 0 0.59 0.22 1 1447
0.55 0.69 0.51 0.12 0.5 0 0.51 0.22 1 1423
0.53 0.43 0.57 0.24 0.5 0 0.39 0.28 1 1237
0.53 0.57 0.6 0.36 0.5 0 0.5 0.22 1 1330
0.59 0.48 0.49 0.49 0.5 0 0.36 0.32 1 1471
0.59 0.46 0.48 0.46 0.5 0 0.49 0.22 1 1244
0.77 0.57 0.45 0.17 0.5 0 0.53 0.22 1 1239
0.51 0.43 0.47 0.19 0.5 0 0.52 0.37 1 1184
0.39 0.39 0.59 0.25 0.5 0 0.45 0.22 1 1261
0.49 0.61 0.49 0.25 0.5 0 0.5 0.28 1 1053
0.38 0.42 0.5 0.19 0.5 0 0.44 0.22 1 1412
0.38 0.43 0.53 0.22 0.5 0 0.48 0.11 1 1292
0.47 0.38 0.58 0.19 0.5 0 0.57 0.22 1 1475
0.64 0.44 0.56 0.15 0.5 0 0.56 0.22 1 1472
0.32 0.47 0.55 0.12 0.5 0 0.52 0.22 1 1115
0.45 0.27 0.5 0.33 0.5 0 0.53 0.26 1 1246
0.3 0.33 0.55 0.12 0.5 0 0.53 0.38 1 1357
0.4 0.47 0.48 0.18 0.5 0 0.46 0.22 1 1194
0.58 0.38 0.4 0.21 0.5 0 0.5 0.22 1 1199
0.48 0.39 0.49 0.18 0.5 0 0.51 0.22 1 1150
0.51 0.53 0.55 0.14 0.5 0 0.51 0.22 1 1102
0.66 0.6 0.52 0.19 0.5 0 0.69 0.22 1 1306
0.32 0.42 0.52 0.24 0.5 0 0.6 0.22 1 1088
0.5 0.36 0.53 0.41 0.5 0 0.55 0.36 1 1204
0.62 0.58 0.46 0.13 0.5 0 0.53 0.22 1 1116
0.42 0.47 0.52 0.41 0.5 0 0.53 0.32 1 1050
0.37 0.44 0.64 0.48 0.5 0 0.36 0.27 1 1282
0.57 0.44 0.42 0.2 0.5 0 0.54 0.22 1 1193
0.63 0.56 0.52 0.21 0.5 0 0.5 0.22 1 1464
0.46 0.62 0.54 0.25 0.5 0 0.46 0.22 1 1233
0.23 0.29 0.46 0 0.5 0 0.43 0.31 1 1391
0.53 0.59 0.48 0.14 0.5 0 0.51 0.22 1 1234
0.52 0.46 0.51 0.18 0.5 0 0.5 0.22 1 1217
0.48 0.58 0.47 0.17 0.5 0 0.53 0.74 1 1473
0.47 0.47 0.58 0.16 0.5 0 0.49 0.28 1 1127
0.49 0.45 0.53 0.16 0.5 0 0.49 0.31 1 1214
0.61 0.48 0.56 0.19 0.5 0 0.53 0.31 1 1279
0.32 0.44 0.54 0.21 0.5 0 0.4 0.19 1 1314
0.49 0.46 0.54 0.18 0.5 0 0.35 0.22 1 1426
0.43 0.33 0.54 0.37 0.5 0 0.38 0.16 1 1268
0.42 0.43 0.56 0.1 0.5 0 0.49 0.22 1 1073
0.69 0.39 0.52 0.12 0.5 0 0.38 0.35 1 1211
0.52 0.4 0.6 0.12 0.5 0 0.55 0.22 1 1094
0.59 0.54 0.53 0.14 0.5 0 0.48 0.22 1 1337
0.56 0.48 0.58 0.27 0.5 0 0.51 0.22 1 1037
0.48 0.55 0.48 0.1 0.5 0 0.55 0.22 1 1305
0.5 0.49 0.46 0.22 0.5 0 0.53 0.25 1 1396
0.71 0.59 0.53 0.15 0.5 0 0.49 0.33 1 1124
0.59 0.5 0.52 0.28 0.5 0 0.55 0.25 1 1089
0.47 0.39 0.59 0.15 0.5 0 0.57 0.22 1 1047
0.54 0.65 0.49 0.34 0.5 0 0.52 0.22 1 1112
0.52 0.47 0.58 0.18 0.5 0 0.34 0.11 1 1369
0.33 0.46 0.53 0.12 0.5 0 0.5 0.27 1 1434
0.39 0.37 0.56 0.15 0.5 0 0.5 0.27 1 1189
0.48 0.61 0.44 0.2 0.5 0 0.47 0.22 1 1077
0.46 0.44 0.58 0.17 0.5 0 0.55 0.22 1 1345
0.46 0.52 0.51 0.13 0.5 0 0.47 0.22 1 1466
0.29 0.46 0.54 0.27 0.5 0 0.49 0.22 1 1196
0.56 0.52 0.55 0.19 0.5 0 0.54 0.22 1 1106
0.48 0.44 0.51 0.24 0.5 0 0.49 0.22 1 1437
0.45 0.46 0.61 0.2 0.5 0 0.62 0.22 1 1213
0.4 0.45 0.57 0.18 0.5 0 0.56 0.26 1 1035
0.78 0.82 0.56 0.21 0.5 0 0.69 0.22 1 1309
0.41 0.43 0.5 0.28 0.5 0 0.5 0.22 1 1173
0.64 0.57 0.57 0.27 0.5 0 0.37 0.22 1 1054
0.54 0.54 0.49 0.14 0.5 0 0.56 0.22 1 1185
0.48 0.54 0.55 0.12 0.5 0 0.51 0.22 1 1046
0.56 0.62 0.53 0.24 0.5 0 0.57 0.22 1 1122
0.55 0.63 0.54 0.16 0.5 0 0.45 0.27 1 1232
0.48 0.41 0.52 0.33 0.5 0 0.51 0.26 1 1315
0.39 0.39 0.65 0.16 0.5 0 0.45 0.22 1 1387
0.48 0.48 0.56 0.18 0.5 0 0.58 0.22 1 1249
0.47 0.5 0.55 0.19 0.5 0 0.62 0.22 1 1206
0.49 0.48 0.52 0.24 0.5 0 0.5 0.22 1 1401
0.39 0.47 0.56 0.16 0.5 0 0.47 0.22 1 1067
0.54 0.55 0.55 0.4 0.5 0 0.53 0.22 1 1410
0.38 0.4 0.53 0.12 0.5 0 0.55 0.22 1 1343
0.6 0.46 0.51 0.1 0.5 0 0.48 0.31 1 1380
0.41 0.48 0.51 0.2 0.5 0 0.51 0.22 1 1462
0.58 0.41 0.51 0.26 0.5 0 0.51 0.37 1 1160
0.48 0.39 0.51 0.21 0.5 0 0.52 0.28 1 1036
0.51 0.48 0.51 0.19 0.5 0 0.51 0.27 1 1377
0.51 0.4 0.56 0.17 0.5 0.5 0.49 0.22 1 1022
0.35 0.36 0.57 0.17 0.5 0 0.52 0.22 1 1125
0.28 0.27 0.5 0.14 0.5 0 0.5 0.28 1 1417
0.52 0.54 0.5 0.21 0.5 0 0.48 0.3 1 1108
0.46 0.54 0.59 0.41 0.5 0 0.53 0.21 1 1319
0.41 0.49 0.47 0.09 0.5 0 0.49 0.22 1 1349
0.6 0.61 0.54 0.11 0.5 0 0.46 0.22 1 1478
0.55 0.59 0.52 0.1 0.5 0 0.53 0.22 1 1218
0.4 0.45 0.61 0.29 0.5 0 0.44 0.22 1 1294
0.57 0.48 0.54 0.22 0.5 0 0.5 0.11 1 1326
0.47 0.39 0.55 0.24 0.5 0 0.47 0.22 1 1056
0.62 0.42 0.47 0.16 0.5 0 0.52 0.22 1 1397
0.47 0.5 0.6 0.63 0.5 0 0.38 0.16 1 1474
0.52 0.46 0.56 0.2 0.5 0 0.5 0.22 1 1236
0.38 0.48 0.59 0.22 0.5 0 0.46 0.22 1 1103
0.55 0.55 0.52 0.13 0.5 0 0.53 0.25 1 1344
0.36 0.56 0.52 0.18 0.5 0 0.45 0.16 1 1281
0.56 0.52 0.46 0.17 0.5 0 0.49 0.73 1 1374
0.24 0.34 0.69 0.18 0.5 0 0.52 0.22 1 1081
0.41 0.4 0.59 0.47 0.5 0 0.48 0.43 1 1061
0.51 0.49 0.48 0.55 0.5 0 0.52 0.58 1 1459
0.54 0.38 0.52 0.18 0.5 0 0.48 0.22 1 1083
0.43 0.22 0.79 0.79 0.5 0 0.22 0 1 1297
0.31 0.55 0.52 0.17 0.5 0 0.52 0.22 1 1086
0.54 0.48 0.55 0.33 0.5 0 0.55 0.4 1 1408
0.41 0.35 0.6 0.22 0.5 0 0.56 0.79 1 1389
0.43 0.4 0.5 0.18 0.5 0 0.5 0.28 1 1201
0.42 0.53 0.57 0.17 0.5 0 0.49 0.22 1 1235
0.44 0.41 0.58 0.2 0.5 0 0.57 0.25 1 1170
0.56 0.46 0.51 0.25 0.5 0 0.54 0.22 1 1446
0.41 0.4 0.56 0.17 0.5 0 0.56 0.22 1 1353
0.34 0.54 0.5 0.21 0.5 0 0.54 0.31 1 1065
0.33 0.37 0.49 0.22 0.5 0 0.55 0.22 1 1386
0.2 0.26 0.52 0.14 0.5 0 0.53 0.44 1 1101
0.62 0.43 0.49 0.29 0.5 0 0.5 0.27 1 1221
0.56 0.44 0.56 0.19 0.5 0 0.54 0.22 1 1167
0.45 0.4 0.5 0.16 0.5 0 0.5 0.22 1 1027
0.45 0.76 0.51 0.25 0.5 0 0.59 0.22 1 1436
0.59 0.58 0.39 0.52 0.5 0 0.5 0.31 1 1205
0.58 0.44 0.5 0.26 0.5 0 0.52 0.22 1 1291
0.59 0.55 0.57 0.18 0.5 0 0.51 0.22 1 1354
0.36 0.37 0.63 0.25 0.5 0 0.3 0.22 1 1383
0.48 0.46 0.58 0.16 0.5 0 0.45 0.22 1 1304
0.28 0.36 0.55 0.15 0.5 0 0.57 0.22 1 1227
0.5 0.52 0.51 0.22 0.5 0 0.46 0.37 1 1372
0.34 0.46 0.52 0.19 0.5 0 0.53 0.26 1 1346
0.24 0.25 0.57 0.28 0.5 0 0.51 0.11 1 1470
0.4 0.45 0.56 0.2 0.5 0 0.45 0.22 1 1052
0.35 0.33 0.48 0.42 0.5 0 0.47 0.43 1 1270
0.43 0.33 0.67 0.12 0.5 0 0.43 0.23 1 1290
0.54 0.5 0.51 0.26 0.5 0 0.52 0.22 1 1363
0.28 0.51 0.55 0.19 0.5 0 0.57 0.22 1 1241
0.48 0.34 0.47 0.14 0.5 0 0.47 0.26 1 1163
0.3 0.45 0.55 0.19 0.5 0 0.53 0.4 1 1384
0.66 0.54 0.53 0.17 0.5 0 0.54 0.22 1 1444
0.56 0.41 0.58 0.21 0.5 0 0.42 0.22 1 1096
0.52 0.43 0.61 0.22 0.5 0 0.45 0.22 1 1311
0.38 0.61 0.61 0.12 0.5 0 0.53 0.47 1 1034
0.55 0.41 0.56 0.21 0.5 0 0.52 0.22 1 1157
0.64 0.44 0.51 0.35 0.5 0 0.53 0.22 1 1258
0.48 0.51 0.57 0.24 0.5 0 0.5 0.22 1 1190
0.41 0.3 0.49 0.28 0.5 0 0.54 0.22 1 1172
0.46 0.47 0.46 0.16 0.5 0 0.51 0.22 1 1187
0.62 0.33 0.49 0.24 0.5 0 0.51 0.42 1 1373
0.52 0.45 0.53 0.34 0.5 0 0.52 0.44 1 1407
0.66 0.62 0.49 0.1 0.5 0 0.49 0.22 1 1040
0.43 0.45 0.54 0.14 0.5 0 0.5 0.31 1 1182
0.8 0.46 0.5 0.15 0.5 0 0.53 0.22 1 1104
0.39 0.45 0.75 0.17 0.5 0 0.51 0.22 1 1429
0.5 0.45 0.51 0.19 0.5 0 0.53 0.25 1 1370
0.3 0.5 0.47 0.11 0.5 0 0.46 0.22 1 1154
0.63 0.54 0.53 0.27 0.5 0 0.49 0.22 1 1430
0.51 0.34 0.43 0.18 0.5 0 0.48 0.25 1 1176
0.59 0.47 0.51 0.53 0.5 0 0.53 0.26 1 1253
0.19 0.41 0.55 0.13 0.5 0 0.52 0.25 1 1452
0.69 0.54 0.55 0.23 0.5 0 0.73 0.22 1 1307
0.45 0.56 0.49 0.17 0.5 0 0.52 0.22 1 1142
0.61 0.52 0.5 0.44 0.5 0 0.53 0.22 1 1404
0.54 0.49 0.49 0.2 0.5 0 0.52 0.22 1 1076
0.73 0.63 0.42 0.3 0.5 0 0.49 0.22 1 1029
0.46 0.45 0.56 0.16 0.5 0 0.56 0.22 1 1166
0.4 0.6 0.5 0.16 0.5 0 0.51 0.22 1 1254
0.62 0.58 0.52 0.15 0.5 0 0.52 0.29 1 1133
0.25 0.26 0.53 0.17 0.5 0 0.45 0.22 1 1425
0.58 0.45 0.48 0.24 0.5 0 0.52 0.37 1 1159
0.58 0.45 0.55 0.27 0.5 0 0.48 0.11 1 1286
0.45 0.5 0.57 0.29 0.5 0 0.44 0.11 1 1263
0.49 0.47 0.52 0.16 0.5 0 0.53 0.28 1 1149
0.45 0.42 0.52 0.2 0.5 0 0.5 0.25 1 1135
0.41 0.45 0.46 0.23 0.5 0 0.5 0.7 1 1476
0.5 0.45 0.48 0.17 0.5 0 0.5 0.26 1 1186
0.47 0.39 0.5 0.11 0.5 0 0.49 0.4 1 1026
0.31 0.31 0.57 0.15 0.5 0 0.5 0.22 1 1411
0.56 0.48 0.5 0.3 0.5 0 0.51 0.22 1 1212
0.49 0.43 0.51 0.13 0.5 0 0.47 0.22 1 1082
0.65 0.65 0.52 0.16 0.5 0 0.6 0.22 1 1059
0.44 0.51 0.53 0.3 0.5 0 0.53 0.22 1 1350
0.45 0.45 0.52 0.17 0.5 0 0.54 0.22 1 1240
0.61 0.46 0.54 0.11 0.5 0 0.47 0.22 1 1255
0.6 0.48 0.46 0.32 0.5 0 0.4 0.33 1 1257
0.6 0.5 0.57 0.25 0.5 0 0.41 0.26 1 1064
0.49 0.42 0.54 0.17 0.5 0 0.5 0.36 1 1152
0.57 0.41 0.59 0.24 0.5 0 0.4 0.22 1 1095
0.65 0.63 0.47 0.22 0.5 0 0.52 0.27 1 1461
0.38 0.5 0.52 0.44 0.5 0 0.54 0.11 1 1323
0.51 0.35 0.46 0.15 0.5 0 0.51 0.42 1 1136
0.53 0.52 0.49 0.27 0.5 0 0.51 0.22 1 1468
0.61 0.38 0.57 0.36 0.5 0 0.44 0.21 1 1266
0.27 0.6 0.48 0.23 0.5 0 0.55 0.22 1 1060
0.37 0.33 0.5 0.12 0.5 0 0.51 0.54 1 1141
0.59 0.48 0.5 0.14 0.5 0 0.45 0.25 1 1069
0.39 0.3 0.63 0.2 0.5 0 0.43 0.47 1 1356
0.51 0.58 0.54 0.29 0.5 0 0.53 0.22 1 1130
0.61 0.54 0.49 0.16 0.5 0 0.54 0.42 1 1168
0.3 0.56 0.55 0.18 0.5 0 0.5 0.22 1 1058
0.29 0.34 0.55 0.24 0.5 0 0.51 0.22 1 1209
0.53 0.44 0.51 0.33 0.5 0 0.55 0.22 1 1041
0.53 0.57 0.6 0.36 0.5 0 0.5 0.22 1 1329
0.46 0.33 0.45 0.22 0.5 0 0.41 0.37 1 1310
0.53 0.43 0.47 0.15 0.5 0 0.58 0.22 1 1165
0.32 0.32 0.52 0.18 0.5 0 0.48 0.34 1 1416
0.46 0.39 0.54 0.22 0.5 0 0.48 0.25 1 1317
0.38 0.42 0.5 0.19 0.5 0 0.44 0.22 1 1414
0.5 0.5 0.48 0.17 0.5 0 0.47 0.26 1 1134
0.62 0.6 0.54 0.22 0.5 0 0.54 0.27 1 1433
0.45 0.52 0.5 0.12 0.5 0 0.6 0.22 1 1259
0.55 0.46 0.53 0.11 0.5 0 0.52 0.48 1 1109
0.44 0.51 0.48 0.38 0.5 0 0.52 0.22 1 1155
0.38 0.4 0.59 0.25 0.5 0 0.44 0.22 1 1260
0.43 0.51 0.48 0.14 0.5 0 0.5 0.22 1 1118
0.46 0.38 0.51 0.2 0.5 0 0.51 0.22 1 1352
0.35 0.39 0.56 0.2 0.5 0 0.49 0.41 1 1303
0.34 0.46 0.57 0.09 0.5 0 0.55 0.22 1 1045
0.37 0.42 0.51 0.11 0.5 0 0.57 0.22 1 1090
0.44 0.36 0.64 0.45 0.5 0 0.53 0.11 1 1285
0.44 0.4 0.53 0.19 0.5 0 0.48 0.27 1 1385
0.42 0.39 0.47 0.13 0.5 0 0.5 0.27 1 1137
0.56 0.42 0.52 0.14 0.5 0 0.51 0.22 1 1339
0.54 0.51 0.56 0.15 0.5 0 0.54 0.31 1 1351
0.48 0.42 0.48 0.19 0.5 0 0.58 0.22 1 1225
0.43 0.53 0.52 0.13 0.5 0 0.55 0.22 1 1030
0.47 0.49 0.6 0.15 0.5 0 0.38 0.22 1 1223
0.5 0.48 0.48 0.23 0.5 0 0.53 0.68 1 1338
0.39 0.65 0.57 0.19 0.5 0 0.43 0.25 1 1322
0.61 0.48 0.56 0.19 0.5 0 0.53 0.31 1 1278
0.45 0.45 0.51 0.3 0.5 0 0.48 0.44 1 1382
0.44 0.71 0.5 0.21 0.5 0 0.54 0.27 1 1348
0.34 0.54 0.54 0.13 0.5 0 0.52 0.22 1 1195
0.59 0.64 0.44 0.26 0.5 0 0.5 0.22 1 1438
0.74 0.53 0.5 0.08 0.5 0 0.55 0.31 1 1153
0.37 0.3 0.62 0.43 0.5 0 0.44 0.39 1 1332
0.27 0.56 0.56 0.18 0.5 0 0.52 0.22 1 1181
0.38 0.49 0.54 1 0.5 0 0.5 0.27 1 1180
0.38 0.32 0.64 0.41 0.5 0 0.44 0.11 1 1482
0.71 0.5 0.5 0.18 0.5 0 0.46 0.22 1 1480
0.6 0.64 0.56 0.36 0.5 0 0.46 0.27 1 1364
0.46 0.44 0.52 0.11 0.5 0 0.5 0.22 1 1025
0.21 0.38 0.49 0.16 0.5 0 0.51 0.45 1 1162
0.41 0.39 0.51 0.52 0.5 0 0.49 0.22 1 1128
0.59 0.45 0.53 0.19 0.5 0 0.59 0.27 1 1032
0.4 0.48 0.5 0.17 0.5 0 0.54 0.5 1 1158
0.4 0.45 0.61 0.29 0.5 0 0.44 0.22 1 1293
0.38 0.49 0.61 0.13 0.5 0 0.54 0.22 1 1161
0.38 0.62 0.52 0.14 0.5 0 0.53 0.22 1 1228
0.64 0.59 0.56 0.23 0.5 0 0.46 0.22 1 1038
0.42 0.35 0.54 0.18 0.5 0 0.56 0.22 1 1057
0.52 0.56 0.55 0.16 0.5 0 0.53 0.39 1 1375
0.79 0.56 0.53 0.19 0.5 0 0.47 0.35 1 1439
0.63 0.43 0.48 0.11 0.5 0 0.51 0.22 1 1406
0.42 0.5 0.59 0.17 0.5 0 0.51 0.22 1 1409
0.53 0.48 0.51 0.18 0.5 0 0.52 0.27 1 1376
0.66 0.45 0.5 0.23 0.5 0 0.49 0.22 1 1078
0.48 0.39 0.56 0.23 0.5 0 0.6 0.22 1 1455
0.54 0.35 0.55 0.19 0.5 0 0.3 0.22 1 1458
0.57 0.49 0.5 0.2 0.5 0 0.51 0.28 1 1220
0.43 0.33 0.67 0.12 0.5 0 0.45 0.23 1 1289
0.51 0.48 0.51 0.26 0.5 0 0.51 0.27 1 1378
0.48 0.51 0.5 0.24 0.5 0 0.54 0.38 1 1355
0.45 0.41 0.49 0.14 1 0 0.53 0.3 1 1222
0.41 0.49 0.55 0.13 0.5 0 0.55 0.22 1 1390
0.42 0.5 0.64 0.13 0.5 0 0.49 0.22 1 1318
0.5 0.45 0.52 0.18 0.5 0 0.52 0.22 1 1398
0.46 0.47 0.62 0.3 0.5 0 0.38 0.22 1 1450
0.49 0.38 0.56 0.09 0.5 0 0.46 0.22 1 1342
0.44 0.56 0.52 0.18 0.5 0 0.5 0.11 1 1280
0.46 0.46 0.53 0.23 0.5 0 0.51 0.22 1 1224
0.29 0.32 0.58 0.15 0.5 0 0.5 0.3 1 1066
0.42 0.43 0.67 0.7 0.5 0 0.42 0.25 1 1359
0.45 0.5 0.57 0.29 0.5 0 0.44 0.11 1 1264
0.51 0.52 0.58 0.17 0.5 0 0.47 0.28 1 1325
0.43 0.57 0.53 0.53 0.5 0 0.53 0.25 1 1084
0.39 0.65 0.57 0.19 0.5 0 0.44 0.25 1 1321
0.46 0.43 0.5 0.24 0.5 0 0.48 0.31 1 1250
0.45 0.56 0.53 0.32 0.5 0 0.57 0.22 1 1111
0.4 0.56 0.53 0.15 0.5 0 0.49 0.22 1 1421
0.49 0.6 0.55 0.17 0.5 0 0.44 0.22 1 1202
0.35 0.21 1 0.8 0.5 0 0.13 0.01 1 1298
0.27 0.43 0.5 0.13 0.5 0 0.54 0.31 1 1453
0.34 0.25 0.55 0.28 0.5 0 0.51 0.49 1 1336
0.49 0.45 0.46 0.18 0.5 0 0.49 0.31 1 1216
0.43 0.33 0.54 0.37 0.5 0 0.38 0.16 1 1267
0.53 0.48 0.51 0.18 0.5 0 0.51 0.27 1 1379
0.39 0.45 0.51 0.29 0.5 0 0.54 0.22 1 1365
0.4 0.42 0.57 0.35 0.5 0 0.53 0.25 1 1024
0.38 0.34 0.55 0.44 0.5 0 0.48 0.26 1 1393
0.5 0.46 0.52 0.16 0.5 0 0.52 0.26 1 1175
0.59 0.46 0.57 0.17 0.5 0 0.52 0.22 1 1441
0.52 0.51 0.51 0.12 0.5 0 0.51 0.4 1 1147
0.5 0.46 0.49 0.27 0.5 0 0.6 0.22 1 1448
0.25 0.48 0.45 0.32 0.5 0 0.4 0.22 1 1392
0.41 0.46 0.57 0.25 0.5 0 0.57 0.38 1 1418
0.61 0.55 0.51 0.26 0.5 0 0.52 0.22 1 1252
0.35 0.66 0.49 0.21 0.5 0 0.54 0.25 1 1093
0.57 0.4 0.48 0.24 0.5 0 0.55 0.22 1 1198
0.51 0.46 0.57 0.25 0.5 0 0.53 0.22 1 1215
0.51 0.39 0.58 0.19 0.5 0 0.47 0.22 1 1269
0.43 0.47 0.47 0.18 0.5 0 0.47 0.22 1 1366
