0.77 0.8 0.51 0.4 1 0 0.54 0.22 10 2
0.86 0.92 0.5 0.37 1 0 0.53 0.32 10 4
0.85 0.56 0.33 0.38 1 0 0.55 0.25 10 3
0.82 0.63 0.47 0.18 0.5 0 0.5 0.22 9 24
0.37 0.53 0.6 0.19 0.5 0.5 0.42 0.22 9 8
0.32 0.68 0.51 0.16 0.5 0.83 0.55 0.22 9 21
0.74 0.75 0.45 0.44 0.5 0 0.52 0.22 9 25
0.49 0.27 0.57 0.18 0.5 0.83 0.54 0.22 9 15
0.4 0.4 0.43 0.19 0.5 0.83 0.48 0.22 9 22
0.5 0.5 0.54 0.16 0.5 0 0.49 0.22 9 16
0.5 0.51 0.57 0.27 0.5 0 0.48 0.22 9 19
0.69 0.6 0.51 0.13 0.5 0.83 0.52 0.22 9 10
0.44 0.38 0.48 0.32 0.5 0.83 0.53 0.22 9 7
0.46 0.48 0.44 0.21 0.5 0 0.55 0.22 9 11
0.42 0.5 0.53 0.22 0.5 0.83 0.5 0.22 9 14
0.45 0.41 0.5 0.46 0.5 0.5 0.5 0.27 9 6
0.28 0.46 0.26 0.18 0.5 0 0.39 0.22 8 31
0.49 0.5 0.42 0.43 0.5 0 0.5 0.36 8 42
0.57 0.47 0.48 0.17 0.5 0 0.52 0.26 8 55
0.48 0.58 0.58 0.12 0.5 0 0.49 0.22 8 50
0.65 0.58 0.53 0.21 0.5 0 0.51 0.22 8 51
0.74 0.57 0.51 0.28 0.5 0 0.58 0.22 8 27
0.42 0.32 0.48 0.16 0.5 0 0.55 0.22 8 30
0.63 0.55 0.53 0.51 0.5 0 0.55 0.22 8 39
0.37 0.36 0.56 0.18 0.5 0 0.48 0.26 8 26
0.36 0.68 0.38 0.08 0.5 0 0.53 0.25 8 29
0.57 0.54 0.32 0.15 0.5 0 0.52 0.25 8 53
0.64 0.61 0.56 0.15 0.5 0 0.54 0.22 8 49
0.36 0.51 0.51 0.17 0.5 0 0.52 0.22 8 44
0.4 0.39 0.33 0.17 0.5 0 0.51 0.31 8 36
0.6 0.37 0.52 0.15 0.5 0 0.55 0.26 8 48
0.8 0.82 0.57 0.26 0.5 0 0.57 0.27 8 33
0.4 0.36 0.55 0.15 0.5 0 0.53 0.22 8 35
0.44 0.35 0.55 0.14 0.5 0 0.52 0.22 8 46
0.69 0.7 0.5 0.3 0.5 0 0.54 0.22 8 38
0.4 0.36 0.32 0.16 0.5 0 0.51 0.27 8 54
0.83 0.81 0.45 0.38 0.5 0 0.4 0.26 7 85
0.75 0.76 0.58 0.22 0.5 0 0.49 0.22 7 88
0.74 0.82 0.46 0.24 0.5 0 0.48 0.22 7 87
0.87 0.83 0.57 0.36 0.5 0 0.36 0.22 7 68
0.79 0.74 0.49 0.33 0.5 0 0.48 0.22 7 72
0.68 0.68 0.49 0.15 0.5 0 0.53 0.22 7 69
0.89 0.77 0.36 0.34 0.5 0 0.44 0.22 7 67
0.74 0.72 0.5 0.28 0.5 0 0.5 0.27 7 75
0.49 0.39 0.52 0.29 0.5 0 0.48 0.22 7 57
0.74 0.74 0.51 0.27 0.5 0 0.5 0.22 7 78
0.77 0.79 0.58 0.23 0.5 0 0.48 0.22 7 61
0.77 0.73 0.49 0.46 0.5 0 0.38 0.22 7 83
0.46 0.42 0.6 0.21 0.5 0 0.4 0.22 7 70
0.77 0.72 0.48 0.26 0.5 0 0.51 0.22 7 77
0.51 0.65 0.53 0.19 0.5 0 0.49 0.22 7 74
0.69 0.7 0.52 0.36 0.5 0 0.46 0.22 7 60
0.74 0.71 0.52 0.3 0.5 0 0.27 0.22 7 80
0.77 0.87 0.47 0.37 0.5 0 0.48 0.22 7 64
0.84 0.63 0.38 0.23 0.5 0 0.53 0.22 7 66
0.77 0.78 0.51 0.28 0.5 0 0.33 0.22 7 79
0.74 0.67 0.47 0.34 0.5 0 0.42 0.22 7 56
0.74 0.72 0.5 0.28 0.5 0 0.49 0.27 7 76
0.8 0.81 0.55 0.35 0.5 0 0.42 0.22 7 71
0.78 0.74 0.42 0.26 0.5 0 0.43 0.22 6 92
0.8 0.82 0.4 0.31 0.5 0 0.57 0.25 6 124
1 0.8 0.29 0.36 0.5 0 0.52 0.22 6 120
0.8 0.83 0.43 0.24 0.5 0 0.54 0.22 6 118
0.7 0.69 0.43 0.33 0.5 0 0.58 0.22 6 99
0.8 0.88 0.36 0.39 0.5 0 0.56 0.33 6 91
0.73 0.83 0.43 0.3 0.5 0 0.55 0.22 6 94
0.85 0.66 0.49 0.18 0.5 0 0.51 0.22 6 111
0.8 0.73 0.47 0.19 0.5 0 0.49 0.22 6 131
0.76 0.76 0.35 0.27 0.5 0 0.44 0.22 6 106
0.91 0.77 0.34 0.47 0.5 0 0.52 0.31 6 97
0.78 0.7 0.32 0.23 0.5 0 0.53 0.22 6 95
0.77 0.78 0.27 0.37 0.5 0 0.49 0.22 6 122
0.85 0.85 0.3 0.31 0.5 0 0.55 0.42 6 133
0.7 0.73 0.38 0.36 0.5 0 0.54 0.22 6 104
0.77 0.82 0.4 0.36 0.5 0 0.38 0.22 6 112
0.69 0.66 0.36 0.09 0.5 0 0.56 0.22 6 121
0.7 0.73 0.37 0.37 0.5 0 0.48 0.31 6 102
0.84 0.87 0.45 0.54 0.5 0 0.28 0.22 6 105
0.92 0.66 0.52 0.23 0.5 0 0.53 0.22 6 129
0.78 0.73 0.27 0.28 0.5 0 0.56 0.22 6 115
0.84 0.66 0.36 0.78 0.5 0 0.49 0.5 6 98
0.72 0.73 0.41 0.28 0.5 0 0.44 0.22 6 130
0.67 0.63 0.34 0.41 0.5 0 0.6 0.33 6 103
0.78 0.69 0.44 0.26 0.5 0 0.54 0.22 6 109
0.77 0.7 0.44 0.29 0.5 0 0.56 0.22 6 116
0.81 0.79 0.32 0.37 0.5 0 0.41 0.22 6 107
0.89 0.81 0.36 0.71 0.5 0 0.55 0.63 6 101
0.78 0.71 0.35 0.25 0.5 0 0.49 0.22 6 119
0.58 0.76 0.4 0.37 0.5 0 0.54 0.3 5 155
0.74 0.56 0.35 0.36 0.5 0 0.51 0.25 5 162
0.89 0.52 0.41 0.26 0.5 0 0.52 0.31 5 163
0.77 0.6 0.42 0.33 0.5 0 0.57 0.22 5 153
0.78 0.48 0.47 0.3 0.5 0 0.53 0.47 5 159
0.89 0.82 0.6 0.49 0.5 0 0.55 0.22 5 152
0.43 0.38 0.38 0.12 0.5 0 0.5 0.22 5 166
0.55 0.52 0.44 0.2 0.5 0 0.56 0.22 5 171
0.36 0.34 0.46 0.19 0.5 0 0.52 0.22 5 158
0.69 0.57 0.39 0.19 0.5 0 0.48 0.39 5 181
0.34 0.38 0.45 0.19 0.5 0 0.51 0.22 5 145
0.37 0.42 0.46 0.15 0.5 0 0.51 0.31 5 175
0.78 0.63 0.53 0.13 0.5 0 0.54 0.22 5 164
0.73 0.55 0.41 0.16 0.5 0 0.46 0.22 5 146
0.71 0.56 0.39 0.27 0.5 0 0.52 0.22 5 142
0.74 0.75 0.58 0.47 0.5 0 0.4 0.35 5 138
0.67 0.57 0.36 0.19 0.5 0 0.56 0.22 5 185
0.76 0.74 0.56 0.34 0.5 0 0.51 0.3 5 154
0.39 0.71 0.38 0.14 0.5 0 0.5 0.22 5 174
0.76 0.67 0.37 0.22 0.5 0 0.54 0.22 5 167
0.69 0.48 0.38 0.15 0.5 0 0.55 0.22 5 149
0.94 0.6 0.33 0.49 0.5 0 0.54 0.22 5 156
0.86 0.74 0.51 0.4 0.5 0 0.55 0.22 5 136
0.69 0.61 0.38 0.27 0.5 0 0.52 0.22 5 139
0.56 0.49 0.32 0.22 0.5 0 0.5 0.22 5 173
0.86 0.78 0.34 0.15 0.5 0 0.53 0.22 5 182
0.81 0.76 0.32 0.37 0.5 0 0.51 0.22 5 151
0.46 0.47 0.44 0.18 1 0 0.46 0.22 5 172
0.88 0.75 0.41 0.36 0.5 0 0.43 0.22 5 179
0.71 0.51 0.49 0.23 0.5 0 0.3 0.32 5 180
0.68 0.5 0.43 0.27 0.5 0 0.61 0.22 5 150
0.83 0.57 0.42 0.57 0.5 0 0.5 0.32 5 165
0.81 0.9 0.39 0.41 0.5 0 0.53 0.22 5 147
0.66 0.66 0.32 0.54 0.5 0 0.51 0.22 5 161
0.49 0.41 0.32 0.21 0.5 0 0.5 0.32 4 240
0.46 0.14 0.36 0.21 0.5 0 0.5 0.25 4 252
0.35 0.56 0.36 0.3 0.5 0 0.53 0.25 4 220
0.29 0.43 0.4 0.15 0.5 0 0.53 0.22 4 208
0.5 0.46 0.42 0.32 0.5 0 0.56 0.55 4 242
0.59 0.48 0.41 0.53 0.5 0 0.48 0.56 4 305
0.36 0.43 0.39 0.12 0.5 0 0.49 0.22 4 193
0.28 0.48 0.36 0.16 0.5 0 0.53 0.22 4 330
0.36 0.5 0.39 0.23 0.5 0 0.5 0.22 4 300
0.52 0.46 0.34 0.2 0.5 0 0.51 0.25 4 346
0.55 0.35 0.36 0.29 0.5 0 0.51 0.22 4 324
0.44 0.59 0.36 0.16 0.5 0 0.52 0.22 4 194
0.26 0.3 0.37 0.15 0.5 0 0.53 0.25 4 314
0.3 0.37 0.4 0.45 0.5 0 0.48 0.41 4 347
0.61 0.76 0.3 0.16 0.5 0 0.45 0.41 4 336
0.55 0.46 0.47 0.15 0.5 0 0.47 0.22 4 291
0.36 0.49 0.3 0.22 0.5 0 0.52 0.31 4 207
0.44 0.51 0.37 0.15 0.5 0 0.51 0.22 4 221
0.49 0.31 0.43 0.24 0.5 0 0.54 0.22 4 294
0.37 0.62 0.34 0.25 0.5 0 0.51 0.22 4 229
0.36 0.46 0.43 0.19 0.5 0 0.48 0.22 4 213
0.33 0.28 0.31 0.24 0.5 0 0.53 0.22 4 228
0.26 0.5 0.33 0.28 0.5 0 0.51 0.22 4 199
0.42 0.42 0.42 0.2 0.5 0 0.49 0.22 4 198
0.52 0.65 0.36 0.37 0.5 0 0.52 0.34 4 285
0.39 0.58 0.5 0.26 0.5 0 0.54 0.59 4 196
0.3 0.5 0.34 0.26 0.5 0 0.51 0.22 4 230
0.39 0.81 0.35 0.28 0.5 0 0.51 0.45 4 261
0.36 0.35 0.47 0.22 0.5 0 0.44 0.31 4 248
0.51 0.46 0.41 0.36 0.5 0 0.49 0.22 4 342
0.38 0.5 0.37 0.26 0.5 0 0.43 0.22 4 191
0.41 0.53 0.45 0.14 0.5 0 0.52 0.66 4 188
0.49 0.6 0.3 0.34 0.5 0 0.5 0.43 4 265
0.46 0.35 0.33 0.17 0.5 0 0.55 0.22 4 215
0.36 0.58 0.35 0.24 0.5 0 0.44 0.22 4 192
0.43 0.41 0.37 0.18 0.5 0 0.54 0.31 4 318
0.41 0.54 0.39 0.2 0.5 0 0.51 0.22 4 186
0.31 0.4 0.31 0.17 0.5 0 0.52 0.22 4 303
0.58 0.53 0.38 0.18 0.5 0 0.52 0.22 4 212
0.32 0.29 0.29 0.08 0.5 0 0.52 0.22 4 348
0.49 0.56 0.37 0.2 0.5 0 0.53 0.22 4 343
0.67 0.61 0.39 0.24 0.5 0 0.51 0.22 4 326
0.35 0.53 0.35 0.33 0.5 0 0.5 0.32 4 241
0.36 0.37 0.33 0.14 0.5 0 0.57 0.31 4 203
0.39 0.49 0.3 0.19 0.5 0 0.52 0.31 4 268
0.51 0.38 0.42 0.21 0.5 0 0.46 0.34 4 328
0.47 0.54 0.37 0.14 0.5 0 0.5 0.22 4 202
0.53 0.68 0.34 0.42 0.5 0 0.54 0.27 4 227
0.52 0.65 0.36 0.26 0.5 0 0.44 0.22 4 331
0.43 0.28 0.41 0.32 0.5 0 0.52 0.22 4 301
0.55 0.42 0.34 0.3 0.5 0 0.52 0.22 4 204
0.25 0.42 0.21 0.14 0.5 0 0.41 0.22 4 293
0.48 0.49 0.45 0.23 0.5 0 0.51 0.22 4 258
0.51 0.51 0.32 0.27 0.5 0 0.54 0.22 4 277
0.46 0.4 0.38 0.18 0.5 0 0.49 0.22 4 251
0.27 0.49 0.36 0.26 0.5 0 0.49 0.26 4 270
0.34 0.42 0.3 0.23 0.5 0 0.53 0.22 4 205
0.58 0.53 0.33 0.26 0.5 0 0.51 0.22 4 273
0.48 0.43 0.45 0.17 0.5 0 0.48 0.37 4 247
0.47 0.59 0.43 0.13 0.5 0 0.56 0.3 4 238
0.45 0.66 0.39 0.11 0.5 0 0.54 0.22 4 274
0.39 0.37 0.33 0.23 0.5 0 0.53 0.26 4 253
0.47 0.61 0.32 0.27 0.5 0 0.5 0.3 4 322
0.49 0.4 0.34 0.26 0.5 0 0.5 0.22 4 231
0.55 0.72 0.35 0.26 0.5 0 0.49 0.22 4 278
0.49 0.31 0.34 0.13 0.5 0 0.52 0.22 4 223
0.49 0.49 0.4 0.2 0.5 0 0.48 0.26 4 311
0.38 0.37 0.36 0.14 0.5 0 0.54 0.22 4 333
0.26 0.44 0.3 0.11 0.5 0 0.51 0.47 4 201
0.42 0.44 0.33 0.17 0.5 0 0.54 0.27 4 237
0.45 0.57 0.3 0.17 0.5 0 0.51 0.22 4 236
0.52 0.75 0.37 0.14 0.5 0 0.46 0.22 4 209
0.45 0.57 0.3 0.17 0.5 0 0.51 0.22 4 235
0.45 0.57 0.38 0.28 0.5 0 0.53 0.31 4 290
0.46 0.48 0.38 0.22 0.5 0 0.39 0.45 4 284
0.43 0.44 0.3 0.18 0.5 0 0.51 0.22 4 233
0.42 0.71 0.45 0.15 0.5 0 0.48 0.22 4 332
0.42 0.28 0.33 0.23 0.5 0 0.39 0.26 4 282
0.43 0.6 0.4 0.12 0.5 0 0.49 0.29 4 320
0.6 0.68 0.3 0.27 0.5 0 0.55 0.22 4 345
0.31 0.51 0.38 0.18 0.5 0 0.46 0.31 4 302
0.27 0.56 0.3 0.14 0.5 0 0.52 0.39 4 266
0.47 0.43 0.35 0.32 0.5 0 0.54 0.22 4 246
0.35 0.32 0.31 0.16 0.5 0 0.56 0.22 4 325
0.38 0.56 0.38 0.16 0.5 0 0.53 0.22 4 334
0.65 0.66 0.37 0.12 0.5 0 0.52 0.27 4 280
0.46 0.41 0.43 0.18 0.5 0 0.54 0.22 4 295
0.31 0.3 0.34 0.19 0.5 0 0.55 0.3 4 263
0.43 0.48 0.36 0.26 0.5 0 0.52 0.22 4 306
0.51 0.55 0.35 0.16 0.5 0 0.51 0.47 4 206
0.54 0.44 0.35 0.19 0.5 0 0.51 0.27 4 279
0.55 0.39 0.39 0.47 0.5 0 0.5 0.83 4 304
0.22 0.53 0.36 0.22 0.5 0 0.54 0.31 4 317
0.63 0.65 0.42 0.18 0.5 0 0.54 0.27 4 335
0.53 0.51 0.36 0.13 0.5 0 0.52 0.22 4 259
0.37 0.55 0.29 0.32 0.5 0 0.51 0.22 4 249
0.49 0.55 0.35 0.23 0.5 0 0.57 0.22 4 344
0.66 0.55 0.34 0.2 0.5 0 0.62 0.22 4 271
0.47 0.61 0.5 0.23 0.5 0 0.49 0.22 4 264
0.33 0.49 0.46 0.22 0.5 0 0.53 0.33 4 312
0.54 0.55 0.34 0.31 0.5 0 0.54 0.22 4 195
0.54 0.55 0.42 0.22 0.5 0 0.48 0.22 4 216
0.4 0.51 0.42 0.13 0.5 0 0.45 0.25 4 244
0.57 0.5 0.4 0.08 0.5 0 0.47 0.22 4 275
0.37 0.51 0.39 0.18 0.5 0 0.51 0.27 4 269
0.41 0.42 0.23 0.16 0.5 0 0.4 0.22 4 292
0.42 0.52 0.4 0.17 0.5 0 0.5 0.26 4 218
0.29 0.26 0.43 0.17 0.5 0 0.55 0.3 4 341
0.4 0.65 0.38 0.17 0.5 0 0.57 0.22 4 297
0.48 0.45 0.59 0.35 0.5 0 0.55 0.3 3 534
0.39 0.28 0.54 0.14 0.5 0 0.59 0.22 3 526
0.57 0.61 0.55 0.67 0.5 0 0.48 0.22 3 437
0.49 0.6 0.43 0.56 0.5 0 0.36 0.22 3 409
0.54 0.64 0.5 0.13 0.5 0 0.49 0.22 3 501
0.49 0.44 0.45 0.55 0.5 0 0.48 0.22 3 505
0.63 0.57 0.5 0.48 0.5 0 0.51 0.22 3 591
0.72 0.61 0.45 0.3 0.5 0 0.54 0.25 3 360
0.57 0.51 0.34 0.13 0.5 0 0.53 0.27 3 567
0.6 0.57 0.64 0.52 0.5 0 0.47 0.28 3 480
0.5 0.62 0.54 0.66 0.5 0 0.49 0.22 3 451
0.51 0.42 0.56 0.38 0.5 0 0.46 0.22 3 472
0.56 0.5 0.61 0.49 0.5 0 0.46 0.28 3 489
0.57 0.61 0.55 0.27 0.5 0 0.44 0.21 3 486
0.56 0.68 0.52 0.39 0.5 0 0.36 0.22 3 533
0.64 0.62 0.29 0.28 0.5 0 0.51 0.22 3 386
0.6 0.62 0.54 0.4 0.5 0 0.5 0.22 3 470
0.47 0.54 0.53 0.77 0.5 0 0.52 0.36 3 541
0.75 0.6 0.43 0.35 0.5 0 0.45 0.27 3 532
0.5 0.49 0.59 0.47 0.5 0 0.49 0.36 3 463
0.23 0.37 0.32 0.13 0.5 0 0.53 0.22 3 568
0.38 0.46 0.52 0.75 0.5 0 0.5 0.26 3 429
0.43 0.35 0.52 0.52 0.5 0 0.54 0.22 3 364
0.55 0.59 0.47 0.64 0.5 0 0.54 0.33 3 500
0.58 0.52 0.61 0.33 0.5 0 0.38 0.11 3 485
0.52 0.53 0.58 0.69 0.5 0 0.5 0.22 3 588
0.59 0.61 0.34 0.22 0.5 0 0.51 0.22 3 406
0.55 0.38 0.64 0.42 0.5 0 0.47 0.22 3 553
0.42 0.53 0.53 0.64 0.5 0 0.47 0.22 3 476
0.57 0.4 0.62 0.3 0.5 0 0.48 0.11 3 474
0.47 0.56 0.46 0.5 0.5 0 0.51 0.22 3 557
0.61 0.46 0.51 0.37 0.5 0 0.51 0.22 3 499
0.4 0.52 0.53 0.52 0.5 0 0.51 0.22 3 457
0.43 0.57 0.51 0.49 0.5 0 0.48 0.22 3 372
0.42 0.49 0.49 0.36 0.5 0 0.57 0.26 3 556
0.66 0.55 0.45 0.19 0.5 0 0.46 0.22 3 356
0.46 0.49 0.58 0.23 0.5 0 0.44 0.22 3 367
0.27 0.39 0.66 0.11 0.5 0 0.44 0.22 3 422
0.53 0.61 0.51 0.49 0.5 0 0.54 0.27 3 520
0.52 0.62 0.54 0.19 0.5 0 0.5 0.22 3 448
0.59 0.6 0.49 0.43 0.5 0 0.53 0.31 3 389
0.56 0.71 0.47 0.21 0.5 0 0.52 0.22 3 581
0.6 0.51 0.52 0.45 0.5 0 0.5 0.27 3 518
0.45 0.45 0.5 0.6 0.5 0 0.49 0.22 3 381
0.46 0.62 0.46 0.54 0.5 0 0.51 0.27 3 587
0.42 0.65 0.58 0.34 0.5 0 0.5 0.22 3 542
0.36 0.4 0.53 0.48 0.5 0 0.48 0.22 3 471
0.45 0.48 0.63 0.67 0.5 0 0.48 0.22 3 461
0.53 0.52 0.61 0.35 0.5 0 0.5 0.22 3 492
0.47 0.56 0.53 0.44 0.5 0 0.53 0.22 3 566
0.41 0.47 0.58 0.62 0.5 0 0.5 0.22 3 514
0.58 0.55 0.52 0.22 0.5 0 0.44 0.22 3 441
0.26 0.28 0.6 0.2 0.5 0 0.54 0.31 3 535
0.36 0.44 0.57 0.18 0.5 0 0.42 0.22 3 446
0.61 0.54 0.54 0.38 0.5 0 0.54 0.29 3 573
0.57 0.58 0.58 0.35 0.5 0 0.49 0.22 3 487
0.46 0.44 0.53 0.31 0.5 0 0.48 0.22 3 509
0.46 0.71 0.48 0.53 0.5 0 0.53 0.22 3 391
0.61 0.72 0.39 0.33 0.5 0 0.58 0.22 3 379
0.81 0.65 0.52 0.41 0.5 0 0.57 0.26 3 455
0.55 0.45 0.45 0.54 0.5 0 0.5 0.22 3 413
0.61 0.59 0.47 0.49 0.5 0 0.54 0.22 3 511
0.6 0.46 0.59 0.16 0.5 0 0.49 0.22 3 490
0.47 0.52 0.54 0.25 0.5 0 0.54 0.29 3 564
0.6 0.59 0.47 0.47 0.5 0 0.53 0.22 3 544
0.37 0.58 0.44 0.51 0.5 0 0.44 0.22 3 412
0.46 0.43 0.38 0.33 0.5 0 0.48 0.28 3 401
0.41 0.41 0.51 0.19 0.5 0 0.57 0.22 3 454
0.4 0.74 0.49 0.16 0.5 0 0.51 0.22 3 502
0.45 0.43 0.63 0.4 0.5 0 0.59 0.11 3 483
0.55 0.5 0.6 0.31 0.5 0 0.46 0.27 3 494
0.45 0.54 0.54 0.62 0.5 0 0.53 0.22 3 432
0.42 0.58 0.41 0.65 0.5 0 0.46 0.26 3 405
0.45 0.58 0.59 0.44 0.5 0 0.56 0.22 3 529
0.72 0.62 0.34 0.29 0.5 0 0.56 0.28 3 399
0.6 0.54 0.54 0.53 0.5 0 0.52 0.27 3 527
0.5 0.62 0.52 0.3 0.5 0 0.56 0.22 3 546
0.55 0.53 0.55 0.46 0.5 0 0.52 0.22 3 387
0.45 0.73 0.47 0.65 0.5 0 0.54 0.43 3 466
0.5 0.54 0.48 0.65 0.5 0 0.53 0.22 3 353
0.51 0.5 0.49 0.45 0.5 0 0.48 0.22 3 570
0.52 0.56 0.54 0.53 0.5 0 0.45 0.22 3 397
0.78 0.75 0.4 0.28 0.5 0 0.53 0.22 3 380
0.48 0.48 0.5 0.47 0.5 0 0.55 0.22 3 450
0.53 0.56 0.49 0.46 0.5 0 0.52 0.22 3 431
0.59 0.57 0.43 0.26 0.5 0 0.51 0.22 3 469
0.59 0.56 0.5 0.48 0.5 0 0.46 0.22 3 579
0.67 0.51 0.54 0.21 0.5 0 0.43 0.3 3 467
0.6 0.51 0.6 0.38 0.5 0.83 0.52 0.24 3 478
0.45 0.55 0.54 0.66 0.5 0 0.47 0.22 3 366
0.51 0.46 0.4 0.65 0.5 0 0.49 0.22 3 543
0.47 0.65 0.54 0.62 0.5 0 0.53 0.36 3 423
0.57 0.57 0.44 0.37 0.5 0 0.52 0.25 3 402
0.58 0.58 0.58 0.49 0.5 0 0.49 0.26 3 398
0.58 0.61 0.47 0.13 0.5 0 0.48 0.22 3 349
0.47 0.47 0.57 0.48 0.5 0 0.48 0.22 3 383
0.72 0.61 0.37 0.3 0.5 0 0.57 0.22 3 400
0.56 0.59 0.45 0.15 0.5 0 0.54 0.22 3 565
0.47 0.41 0.53 0.27 0.5 0 0.47 0.25 3 583
0.6 0.5 0.44 0.61 0.5 0 0.47 0.22 3 365
0.52 0.77 0.38 0.34 0.5 0 0.51 0.22 3 407
0.51 0.68 0.49 0.59 0.5 0 0.54 0.27 3 430
0.51 0.54 0.6 0.57 0.5 0 0.58 0.22 3 375
0.45 0.56 0.51 0.64 0.5 0 0.54 0.22 3 428
0.48 0.57 0.52 0.61 0.5 0 0.51 0.22 3 447
0.53 0.53 0.6 0.13 0.5 0 0.49 0.22 3 419
0.5 0.54 0.53 0.54 0.5 0 0.51 0.27 3 370
0.66 0.52 0.52 0.44 0.5 0 0.56 0.27 3 462
0.48 0.52 0.49 0.35 0.5 0.5 0.51 0.22 3 537
0.55 0.53 0.56 0.29 0.5 0 0.48 0.22 3 427
0.35 0.52 0.48 0.22 0.5 0 0.26 0.22 3 384
0.61 0.72 0.31 0.33 0.5 0 0.56 0.22 3 394
0.55 0.41 0.67 0.61 0.5 0 0.49 0.14 3 571
0.5 0.52 0.6 0.51 0.5 0 0.48 0.22 3 408
0.46 0.54 0.71 0.15 0.5 0 0.59 0.22 3 417
0.43 0.67 0.48 0.27 0.5 0 0.53 0.22 3 350
0.55 0.5 0.66 0.36 0.5 0 0.49 0.22 3 354
0.51 0.39 0.56 0.55 0.5 0 0.46 0.64 3 577
0.59 0.67 0.56 0.41 0.5 0 0.47 0.22 3 382
0.62 0.59 0.54 0.47 0.5 0 0.46 0.22 3 493
0.58 0.63 0.52 0.7 0.5 0 0.46 0.22 3 582
0.57 0.6 0.54 0.17 0.5 0 0.52 0.22 3 549
0.42 0.31 0.62 0.12 0.5 0 0.4 0.22 3 403
0.38 0.68 0.44 0.45 0.5 0 0.53 0.22 3 393
0.59 0.61 0.51 0.62 0.5 0 0.51 0.38 3 540
0.59 0.45 0.58 0.21 0.5 0 0.49 0.22 3 536
0.69 0.5 0.49 0.42 0.5 0 0.49 0.22 3 424
0.46 0.41 0.5 0.44 0.5 0 0.53 0.22 3 443
0.52 0.5 0.59 0.31 0.5 0 0.5 0.22 3 475
0.46 0.61 0.55 0.29 0.5 0 0.49 0.22 3 580
0.75 0.67 0.51 0.29 0.5 0 0.52 0.36 3 521
0.52 0.51 0.51 0.54 0.5 0 0.55 0.27 3 395
0.45 0.59 0.53 0.74 0.5 0 0.47 0.25 3 436
0.63 0.6 0.5 0.27 0.5 0 0.55 0.22 3 508
0.6 0.59 0.45 0.23 0.5 0 0.55 0.22 3 465
0.39 0.58 0.47 0.18 0.5 0 0.48 0.22 3 589
0.41 0.54 0.58 0.2 0.5 0 0.52 0.22 3 473
0.47 0.45 0.53 0.62 0.5 0 0.46 0.22 3 426
0.5 0.57 0.62 0.25 0.5 0 0.51 0.22 3 539
0.71 0.59 0.48 0.43 0.5 0 0.59 0.22 3 392
0.51 0.51 0.43 0.87 0.5 0 0.52 0.22 3 359
0.67 0.51 0.53 0.28 0.5 0 0.51 0.22 3 438
0.42 0.44 0.48 0.54 0.5 0 0.48 0.22 3 352
0.6 0.4 0.52 0.46 0.5 0 0.53 0.22 3 355
0.53 0.42 0.58 0.29 0.5 0 0.5 0.22 3 481
0.44 0.53 0.53 0.37 0.5 0 0.51 0.22 3 515
0.46 0.46 0.56 0.12 0.5 0 0.55 0.22 3 516
0.67 0.62 0.54 0.43 0.5 0 0.53 0.22 3 388
0.57 0.53 0.53 0.34 0.5 0 0.53 0.22 3 362
0.47 0.41 0.66 0.26 0.5 0 0.53 0.22 3 385
0.54 0.52 0.63 0.37 0.5 0 0.46 0.22 3 376
0.58 0.62 0.54 0.17 0.5 0 0.48 0.22 3 390
0.51 0.48 0.51 0.43 0.5 0 0.49 0.22 3 507
0.78 0.65 0.4 0.16 0.5 0 0.63 0.22 3 522
0.37 0.51 0.57 0.4 0.5 0 0.48 0.27 3 519
0.49 0.45 0.54 0.4 0.5 0 0.55 0.22 3 547
0.46 0.38 0.47 0.22 0.5 0 0.52 0.27 3 378
0.56 0.65 0.49 0.56 0.5 0 0.49 0.22 3 560
0.61 0.73 0.5 0.58 0.5 0 0.5 0.22 3 575
0.51 0.46 0.54 0.41 0.5 0 0.53 0.22 3 517
0.55 0.53 0.54 0.4 0.5 0 0.48 0.22 3 513
0.51 0.59 0.46 0.13 0.5 0 0.48 0.22 3 584
0.54 0.64 0.4 0.56 0.5 0 0.51 0.22 3 562
0.52 0.49 0.59 0.21 0.5 0 0.47 0.22 2 980
0.62 0.64 0.56 0.2 0.5 0 0.48 0.33 2 726
0.53 0.61 0.52 0.21 0.5 0 0.55 0.3 2 657
0.41 0.53 0.41 0.15 0.5 0 0.54 0.25 2 807
0.51 0.39 0.56 0.25 0.5 0 0.51 0.33 2 825
0.49 0.62 0.65 0.18 0.5 0 0.46 0.43 2 728
0.45 0.21 0.49 0.24 0.5 0 0.46 0.31 2 771
0.57 0.42 0.63 0.22 0.5 0 0.68 0.32 2 889
0.73 0.52 0.59 0.25 0.5 0 0.51 0.22 2 941
0.57 0.51 0.53 0.18 0.5 0 0.56 0.25 2 633
0.43 0.42 0.54 0.22 0.5 0 0.57 0.33 2 689
0.4 0.37 0.54 0.13 0.5 0 0.48 0.22 2 796
0.38 0.58 0.46 0.21 0.5 0 0.52 0.22 2 933
0.42 0.32 0.61 0.13 0.5 0 0.14 0.27 2 713
0.26 0.38 0.52 0.36 0.5 0 0.48 0.56 2 733
0.4 0.34 0.52 0.17 0.5 0 0.47 0.51 2 680
0.38 0.38 0.54 0.24 0.5 0 0.54 0.22 2 891
0.19 0.16 0.68 0.36 0.5 0 0.49 0.21 2 917
0.37 0.46 0.4 0.27 0.5 0 0.45 0.22 2 622
0.49 0.36 0.47 0.28 0.5 0 0.56 0.54 2 988
0.58 0.44 0.57 0.13 0.5 0 0.54 0.22 2 593
0.47 0.37 0.46 0.28 0.5 0 0.52 0.99 2 901
0.41 0.46 0.58 0.08 0.5 0 0.51 0.28 2 899
0.57 0.49 0.61 0.26 0.5 0 0.52 0.22 2 876
0.36 0.68 0.46 0.16 0.5 0 0.53 0.28 2 628
0.4 0.28 0.48 0.06 0.5 0 0.49 0.42 2 824
0.53 0.51 0.54 0.21 0.5 0 0.45 0.22 2 983
0.54 0.57 0.52 0.19 0.5 0 0.59 0.67 2 665
0.64 0.5 0.53 0.1 0.5 0 0.51 0.22 2 843
0.52 0.46 0.56 0.25 0.5 0 0.52 0.22 2 883
0.38 0.4 0.39 0.19 0.5 0 0.46 0.62 2 1015
0.32 0.3 0.57 0.38 0.5 0 0.5 0.25 2 998
0.46 0.41 0.45 0.23 0.5 0 0.48 0.22 2 928
0.57 0.49 0.48 0.16 0.5 0 0.51 0.22 2 718
0.41 0.59 0.65 0.14 0.5 0 0.49 0.33 2 975
0.58 0.31 0.6 0.12 0.5 0 0.47 0.33 2 851
0.51 0.34 0.5 0.19 0.5 0 0.5 0.22 2 625
0.31 0.6 0.65 0.18 0.5 0 0.46 0.22 2 888
0.47 0.49 0.63 0.17 0.5 0 0.31 0.26 2 685
0.49 0.6 0.54 0.35 0.5 0 0.53 0.46 2 944
0.45 0.4 0.56 0.15 0.5 0 0.52 0.22 2 970
0.47 0.55 0.57 0.17 0.5 0 0.52 0.66 2 916
0.49 0.38 0.49 0.15 0.5 0 0.53 0.25 2 984
0.54 0.54 0.56 0.18 0.5 0 0.46 0.29 2 1003
0.62 0.41 0.52 0.17 0.5 0 0.48 0.22 2 818
0.35 0.39 0.57 0.11 0.5 0 0.48 0.22 2 661
0.39 0.34 0.68 0.3 0.5 0 0.5 0.29 2 764
0.52 0.49 0.57 0.57 0.5 0 0.51 0.22 2 725
0.54 0.59 0.57 0.34 0.5 0 0.49 0.22 2 904
0.38 0.26 0.6 0.1 0.5 0 0.48 0.44 2 816
0.26 0.36 0.47 0.34 0.5 0 0.53 0.72 2 624
0.69 0.62 0.49 0 1 0 0.47 0.22 2 783
0.46 0.5 0.5 0.28 0.5 0 0.5 0.37 2 932
0.49 0.67 0.5 0.28 0.5 0 0.43 0.22 2 852
0.34 0.34 0.61 0.18 0.5 0 0.52 0.32 2 709
0.33 0.46 0.53 0.29 0.5 0 0.5 0.55 2 762
0.53 0.46 0.54 0.37 0.5 0 0.51 0.3 2 850
0.4 0.49 0.53 0.23 0.5 0 0.44 0.26 2 906
0.64 0.6 0.57 0.19 0.5 0 0.43 0.22 2 621
0.42 0.42 0.55 0.31 0.5 0 0.43 0.22 2 908
0.47 0.5 0.47 0.22 0.5 0 0.53 0.45 2 911
0.5 0.52 0.59 0.3 0.5 0 0.51 0.35 2 607
0.57 0.55 0.52 0.16 0.5 0 0.49 0.39 2 855
0.61 0.6 0.55 0.21 0.5 0 0.5 0.25 2 599
0.11 0.41 0.67 0.13 0.5 0 0.45 0.29 2 765
0.33 0.28 0.5 0.4 0.5 0 0.46 0.61 2 831
0.41 0.46 0.59 0.19 0.5 0 0.58 0.27 2 606
0.56 0.59 0.53 0.16 0.5 0 0.24 0.42 2 667
0.56 0.43 0.54 0.16 0.5 0 0.5 0.22 2 646
0.56 0.61 0.52 0.19 0.5 0 0.52 0.32 2 896
0.44 0.59 0.54 0.18 0.5 0 0.49 0.22 2 938
0.4 0.44 0.47 0.25 0.5 0 0.54 0.56 2 1001
0.55 0.46 0.46 0.31 0.5 0 0.58 0.48 2 662
0.56 0.52 0.48 0.17 0.5 0 0.46 0.22 2 638
0.47 0.56 0.51 0.2 0.5 0 0.52 0.59 2 918
0.47 0.46 0.53 0.12 0.5 0 0.51 0.25 2 978
0.57 0.37 0.43 0.27 0.5 0 0.53 0.28 2 875
0.5 0.36 0.64 0.37 0.5 0 0.37 0.33 2 870
0.6 0.57 0.52 0.14 0.5 0 0.46 0.48 2 897
0.45 0.54 0.49 0.29 0.5 0 0.49 0.25 2 839
0.44 0.33 0.55 0.16 0.5 0 0.49 0.22 2 853
0.35 0.68 0.57 0.4 0.5 0 0.53 0.36 2 670
0.58 0.51 0.56 0.16 0.5 0 0.34 0.22 2 784
0.43 0.51 0.54 0.15 0.5 0 0.45 0.26 2 677
0.48 0.54 0.53 0.6 0.5 0 0.53 0.31 2 761
0.5 0.51 0.52 0.09 0.5 0 0.48 0.25 2 656
0.41 0.39 0.44 0.34 0.5 0 0.48 0.4 2 627
0.46 0.53 0.47 0.37 0.5 0 0.51 0.36 2 887
0.57 0.55 0.51 0.18 0.5 0 0.51 0.43 2 930
0.33 0.47 0.55 0.24 0.5 0 0.45 0.67 2 921
0.35 0.4 0.59 0.22 0.5 0 0.47 0.37 2 648
0.43 0.39 0.54 0.21 0.5 0 0.53 0.27 2 595
0.48 0.46 0.58 0.26 0.5 0 0.44 0.22 2 793
0.56 0.57 0.63 0.39 1 0 0.59 0.4 2 687
0.33 0.38 0.53 0.26 0.5 0 0.52 0.27 2 730
0.47 0.32 0.51 0.24 0.5 0 0.54 0.27 2 950
0.72 0.51 0.52 0.08 0.5 0 0.54 0.22 2 872
0.36 0.39 0.54 0.16 0.5 0 0.5 0.28 2 801
0.32 0.45 0.44 0.2 0.5 0 0.55 0.33 2 747
0.33 0.17 0.52 0.13 0.5 0 0.51 0.75 2 977
0.55 0.59 0.53 0.15 0.5 0 0.49 0.22 2 840
0.37 0.53 0.46 0.23 0.5 0 0.47 0.22 2 660
0.5 0.56 0.63 0.25 0.5 0 0.42 0.22 2 886
0.31 0.39 0.55 0.28 0.5 0 0.46 0.31 2 841
0.36 0.44 0.51 0.17 0.5 0 0.6 0.19 2 763
0.46 0.41 0.58 0.1 0.5 0 0.48 0.22 2 858
0.63 0.58 0.57 0.1 0.5 0 0.52 0.33 2 973
0.45 0.41 0.53 0.49 0.5 0 0.49 0.31 2 909
0.43 0.28 0.53 0.34 0.5 0 0.55 0.57 2 769
0.38 0.44 0.55 0.44 0.5 0 0.47 0.51 2 880
0.41 0.52 0.56 0.26 0.5 0 0.48 0.32 2 844
0.48 0.54 0.5 0.17 0.5 0 0.53 0.22 2 618
0.51 0.34 0.49 0.16 0.5 0 0.53 0.21 2 776
0.61 0.46 0.44 0.47 0.5 0 0.5 0.37 2 789
0.59 0.49 0.45 0.22 0.5 0 0.45 0.31 2 940
0.55 0.47 0.53 0.2 0.5 0 0.4 0.22 2 949
0.33 0.42 0.55 0.23 0.5 0 0.52 0.43 2 912
0.53 0.51 0.55 0.05 0.5 0 0.45 0.25 2 615
0.58 0.47 0.54 0.11 0.5 0 0.51 0.26 2 597
0.39 0.16 0.59 0.08 0.5 0 0.51 0.27 2 830
0.33 0.38 0.47 0.14 0.5 0 0.51 0.47 2 1007
0.49 0.31 0.49 0.35 0.5 0 0.51 0.29 2 636
0.54 0.45 0.62 0.13 0.5 0 0.52 0.26 2 710
0.49 0.45 0.57 0.24 0.5 0 0.47 0.38 2 823
0.28 0.37 0.61 0.09 0.5 0 0.52 0.55 2 623
0.4 0.39 0.6 0.23 0.5 0 0.52 0.31 2 929
0.53 0.25 0.59 0.27 0.5 0 0.45 0.26 2 951
0.33 0.28 0.52 0.15 0.5 0 0.51 0.86 2 837
0.35 0.42 0.56 0.28 0.5 0 0.47 0.22 2 857
0.45 0.36 0.5 0.19 0.5 0 0.53 0.7 2 982
0.49 0.47 0.53 0.16 0.5 0 0.48 0.27 2 631
0.39 0.42 0.49 0.1 0.5 0 0.49 0.65 2 785
0.35 0.44 0.54 0.26 0.5 0 0.52 0.26 2 768
0.59 0.53 0.47 0.26 0.5 0 0.53 0.31 2 717
0.4 0.44 0.49 0.47 0.5 0 0.49 0.27 2 612
0.36 0.32 0.55 0.27 0.5 0 0.47 0.43 2 927
0.48 0.45 0.63 0.19 0.5 0 0.58 0.22 2 877
0.68 0.39 0.5 0.15 0.5 0 0.48 0.37 2 817
0.45 0.41 0.58 0.48 0.5 0 0.53 0.64 2 778
0.48 0.41 0.54 0.39 0.5 0 0.51 0.22 2 814
0.55 0.38 0.52 0.16 0.5 0 0.49 0.64 2 965
0.41 0.52 0.51 0.22 0.5 0 0.52 0.44 2 847
0.44 0.42 0.62 0.14 0.5 0 0.55 0.37 2 690
0.52 0.5 0.51 0.2 0.5 0 0.51 0.22 2 836
0.45 0.65 0.51 0.17 0.5 0 0.49 0.22 2 907
0.49 0.49 0.51 0.29 0.5 0 0.52 0.71 2 846
0.6 0.6 0.49 0.3 0.5 0 0.53 0.22 2 669
0.42 0.38 0.52 0.29 0.5 0 0.42 0.22 2 898
0.47 0.47 0.5 0.15 0.5 0 0.5 0.48 2 775
0.48 0.65 0.36 0.24 0.5 0 0.54 0.31 2 939
0.44 0.53 0.52 0.37 0.5 0 0.5 0.22 2 707
0.56 0.54 0.59 0.14 0.5 0 0.52 0.27 2 672
0.55 0.45 0.58 0.25 0.5 0 0.49 0.22 2 862
0.53 0.38 0.66 0.25 0.5 0 0.43 0.22 2 640
0.43 0.83 0.55 0.2 0.5 0 0.47 0.4 2 739
0.39 0.39 0.55 0.52 0.5 0 0.37 0.16 2 693
0.32 0.48 0.49 0.17 0.5 0 0.47 0.22 2 820
0.45 0.46 0.55 0.43 0.5 0 0.55 0.38 2 603
0.41 0.42 0.53 0.17 0.5 0 0.48 0.58 2 981
0.7 0.51 0.47 0.24 0.5 0 0.53 0.25 2 781
0.25 0.39 0.5 0.23 0.5 0 0.5 0.28 2 804
0.4 0.45 0.45 0.15 0.5 0 0.53 0.48 2 995
0.57 0.53 0.6 0.28 0.5 0 0.52 0.45 2 997
0.29 0.4 0.5 0.16 0.5 0 0.51 0.34 2 893
0.38 0.44 0.57 0.14 0.5 0 0.53 0.52 2 1008
0.46 0.49 0.55 0.18 0.5 0 0.56 0.22 2 900
0.41 0.56 0.53 0.16 0.5 0 0.55 0.26 2 967
0.3 0.32 0.57 0.19 0.5 0 0.48 0.55 2 611
0.42 0.51 0.5 0.12 0.5 0 0.52 0.46 2 632
0.27 0.46 0.52 0.17 0.5 0 0.49 0.44 2 934
0.37 0.58 0.5 0.22 0.5 0 0.47 0.22 2 868
0.36 0.24 0.49 0.16 0.5 0 0.51 0.22 2 652
0.4 0.53 0.61 0.21 0.5 0 0.48 0.33 2 738
0.44 0.44 0.49 0.15 0.5 0 0.46 0.27 2 668
0.32 0.6 0.48 0.13 0.5 0 0.53 0.22 2 914
0.47 0.4 0.63 0.19 0.5 0 0.52 0.32 2 1006
0.34 0.47 0.48 0.32 0.5 0 0.42 0.22 2 885
0.42 0.28 0.49 0.22 0.5 0 0.55 0.34 2 910
0.5 0.43 0.5 0.17 0.5 0 0.46 0.47 2 942
0.52 0.37 0.48 0.13 0.5 0 0.55 0.22 2 819
0.44 0.52 0.41 0.23 0.5 0 0.51 0.22 2 610
0.54 0.56 0.57 0.18 0.5 0 0.45 0.25 2 675
0.35 0.6 0.47 0.13 0.5 0 0.52 0.43 2 663
0.33 0.44 0.49 0.08 0.5 0 0.48 0.49 2 664
0.5 0.5 0.48 0.34 0.5 0 0.52 0.27 2 985
0.27 0.51 0.47 0.35 0.5 0 0.49 0.28 2 674
0.64 0.76 0.51 0.18 0.5 0 0.46 0.22 2 777
0.29 0.39 0.46 0.36 0.5 0 0.51 0.22 2 1002
0.37 0.32 0.47 0.18 0.5 0 0.45 0.25 2 604
0.45 0.48 0.56 0.56 0.5 0 0.47 0.22 2 811
0.6 0.56 0.47 0.2 0.5 0 0.5 0.38 2 653
0.46 0.57 0.57 0.15 0.5 0 0.52 0.26 2 688
0.47 0.59 0.37 0.31 0.5 0 0.51 0.36 2 759
0.58 0.44 0.45 0.32 0.5 0 0.52 0.37 2 1004
0.33 0.37 0.54 0.28 0.5 0 0.53 0.27 2 729
0.23 0.34 0.41 0.28 0.5 0 0.5 0.27 2 715
0.25 0.4 0.52 0.15 0.5 0 0.56 0.28 2 1017
0.4 0.53 0.44 0.18 0.5 0 0.54 0.31 2 766
0.6 0.48 0.44 0.52 0.5 0 0.54 0.63 2 684
0.41 0.25 0.59 0.44 0.5 0 0.6 0.69 2 1013
0.39 0.3 0.56 0.12 0.5 0 0.53 0.38 2 746
0.48 0.43 0.51 0.32 0.5 0 0.52 0.43 2 605
0.47 0.43 0.61 0.4 0.5 0 0.48 0.47 2 1020
0.43 0.32 0.56 0.27 0.5 0 0.47 0.27 2 719
0.37 0.42 0.6 0.13 0.5 0 0.51 0.22 2 790
0.51 0.5 0.54 0.11 0.5 0 0.6 0.22 2 925
0.48 0.57 0.5 0.09 0.5 0 0.52 0.42 2 695
0.41 0.24 0.54 0.26 0.5 0 0.41 0.22 2 654
0.66 0.54 0.49 0.16 0.5 0 0.54 0.36 2 744
0.64 0.52 0.5 0.26 0.5 0 0.51 0.31 2 787
0.58 0.37 0.58 0.16 0.5 0 0.51 0.22 2 962
0.49 0.51 0.52 0.13 0.5 0 0.51 0.33 2 969
0.54 0.6 0.57 0.17 0.5 0 0.44 0.22 2 926
0.56 0.63 0.52 0.2 0.5 0 0.34 0.26 2 756
0.55 0.65 0.5 0.28 0.5 0 0.55 0.22 2 740
0.17 0.38 0.45 0.09 0.5 0 0.54 0.27 2 676
0.53 0.53 0.53 0.17 0.5 0 0.49 0.37 2 701
0.46 0.56 0.56 0.25 0.5 0 0.43 0.22 2 915
0.61 0.3 0.59 0.12 0.5 0 0.49 0.27 2 659
0.58 0.51 0.63 0.2 0.5 0 0.5 0.42 2 972
0.5 0.45 0.49 0.15 0.5 0 0.55 0.43 2 703
0.48 0.45 0.59 0.2 0.5 0 0.58 0.34 2 594
0.53 0.54 0.43 0.1 0.5 0 0.57 0.32 2 600
0.48 0.62 0.52 0.3 0.5 0 0.51 0.37 2 760
0.43 0.54 0.58 0.16 0.5 0 0.5 0.36 2 678
0.67 0.46 0.58 0.3 0.5 0 0.57 0.27 2 791
0.33 0.43 0.64 0.16 0.5 0 0.52 0.52 2 608
0.36 0.48 0.5 0.13 0.5 0 0.49 0.6 2 838
0.67 0.71 0.52 0.65 0.5 0 0.53 0.36 2 630
0.46 0.32 0.58 0.17 0.5 0 0.61 0.25 2 727
0.87 0.47 0.6 0.47 0.5 0 0.59 0.22 2 773
0.41 0.47 0.5 0.14 0.5 0 0.53 0.37 2 1016
0.38 0.42 0.47 0.12 0.5 0 0.47 0.53 2 955
0.47 0.47 0.54 0.19 0.5 0 0.51 0.33 2 860
0.31 0.42 0.48 0.17 0.5 0 0.49 0.53 2 786
0.61 0.57 0.45 0.21 0.5 0 0.5 0.42 2 696
0.44 0.41 0.44 0.13 0.5 0 0.49 0.42 2 722
0.5 0.45 0.49 0.3 0.5 0 0.47 0.4 2 714
0.25 0.36 0.58 0.3 0.5 0 0.58 0.31 2 782
0.54 0.52 0.54 0.2 0.5 0 0.55 0.25 2 741
0.31 0.46 0.54 0.52 0.5 0 0.5 0.34 2 643
0.38 0.37 0.56 0.21 0.5 0 0.49 0.22 2 637
0.37 0.44 0.51 0.56 0.5 0 0.5 0.38 2 826
0.51 0.6 0.51 0.26 0.5 0 0.54 0.22 2 748
0.35 0.4 0.44 0.25 0.5 0 0.53 0.57 2 865
0.32 0.34 0.61 0.17 0.5 0 0.52 0.32 2 708
0.44 0.34 0.61 0.13 0.5 0 0.49 0.26 2 772
0.37 0.48 0.67 0.37 0.5 0 0.56 0.62 2 937
0.58 0.56 0.45 0.12 0.5 0 0.51 0.22 2 639
0.49 0.71 0.54 0.13 0.5 0 0.58 0.22 2 805
0.44 0.5 0.55 0.24 0.5 0 0.48 0.22 2 884
0.43 0.39 0.51 0.28 0.5 0 0.4 0.22 2 704
0.43 0.39 0.54 0.14 0.5 0 0.47 0.22 2 655
0.33 0.39 0.52 0.09 0.5 0 0.47 0.28 2 813
0.56 0.49 0.54 0.15 0.5 0 0.5 0.35 2 874
0.56 0.5 0.56 0.26 0.5 0 0.53 0.27 2 806
0.37 0.22 0.64 0.35 0.5 0 0.47 0.22 2 697
0.49 0.37 0.59 0.17 0.5 0 0.51 0.22 2 699
0.32 0.49 0.53 0.28 0.5 0 0.5 0.5 2 856
0.18 0.48 0.46 0.12 0.5 0 0 0.25 2 732
0.47 0.44 0.53 0.18 0.5 0 0.47 0.29 2 905
0.4 0.38 0.53 0.16 0.5 0 0.52 0.27 2 614
0.42 0.28 0.57 0.18 0.5 0 0.42 0.22 2 757
0.57 0.59 0.49 0.86 0.5 0 0.47 0.22 2 1014
0.44 0.39 0.63 0.11 0.5 0 0.49 0.26 2 954
0.61 0.39 0.53 0.14 0.5 0 0.43 0.26 2 829
0.57 0.29 0.63 0.22 0.5 0 0.49 0.27 2 979
0.42 0.32 0.5 0.21 0.5 0 0.51 0.22 2 649
0.35 0.58 0.54 0.16 0.5 0 0.51 0.22 2 617
0.34 0.66 0.51 0.16 0.5 0 0.47 0.33 2 679
0.47 0.47 0.5 0.19 0.5 0 0.51 0.26 2 964
0.23 0.13 0.51 0.16 0.5 0 0.53 0.51 2 943
0.34 0.24 0.51 0.15 0.5 0 0.54 0.4 2 1010
0.51 0.55 0.56 0.18 0.5 0 0.5 0.38 2 832
0.43 0.41 0.51 0.34 0.5 0 0.49 0.28 2 842
0.53 0.44 0.47 0.22 0.5 0 0.53 0.22 2 723
0.3 0.55 0.58 0.16 0.5 0 0.61 0.28 2 774
0.55 0.49 0.6 0.18 0.5 0 0.51 0.22 2 993
0.34 0.36 0.54 0.11 0.5 0 0.36 0.21 2 641
0.41 0.39 0.61 0.17 0.5 0 0.5 0.61 2 966
0.51 0.48 0.58 0.22 0.5 0 0.5 0.28 2 698
0.58 0.48 0.51 0.47 0.5 0 0.55 0.22 2 620
0.49 0.46 0.42 0.46 0.5 0 0.55 0.22 2 749
0.48 0.47 0.59 0.41 0.5 0 0.56 0.27 2 845
0.45 0.38 0.59 0.18 0.5 0 0.44 0.45 2 712
0.45 0.57 0.52 0.21 0.5 0 0.54 0.38 2 958
0.4 0.39 0.6 0.15 0.5 0 0.58 0.3 1 1023
0.46 0.46 0.53 0.23 0.5 0 0.51 0.22 1 1224
0.38 0.47 0.53 0.12 0.5 0 0.48 0.22 1 1144
0.46 0.35 0.69 0.18 0.5 0 0.3 0.25 1 1272
0.39 0.58 0.5 0.1 0.5 0 0.51 0.25 1 1219
0.53 0.48 0.51 0.18 0.5 0 0.52 0.27 1 1376
0.36 0.56 0.52 0.18 0.5 0 0.45 0.16 1 1281
0.49 0.38 0.56 0.09 0.5 0 0.46 0.22 1 1342
0.6 0.61 0.54 0.11 0.5 0 0.46 0.22 1 1478
0.39 0.3 0.63 0.2 0.5 0 0.43 0.47 1 1356
0.72 0.37 0.63 0.38 0.5 0 0.4 0.14 1 1284
0.39 0.55 0.48 0.31 0.5 0 0.54 0.29 1 1070
0.47 0.46 0.49 0.27 0.5 0 0.59 0.22 1 1447
0.47 0.39 0.5 0.11 0.5 0 0.49 0.4 1 1026
0.71 0.59 0.53 0.15 0.5 0 0.49 0.33 1 1124
0.42 0.43 0.67 0.7 0.5 0 0.42 0.25 1 1359
0.46 0.47 0.46 0.16 0.5 0 0.51 0.22 1 1187
0.38 0.49 0.61 0.13 0.5 0 0.54 0.22 1 1161
0.38 0.42 0.5 0.19 0.5 0 0.44 0.22 1 1412
0.38 0.5 0.52 0.44 0.5 0 0.54 0.11 1 1324
0.34 0.34 0.65 0.4 0.5 0 0.32 0.16 1 1295
0.45 0.56 0.53 0.32 0.5 0 0.57 0.22 1 1111
0.56 0.35 0.47 0.35 0.5 0 0.52 0.22 1 1301
0.66 0.45 0.5 0.23 0.5 0 0.49 0.22 1 1078
0.59 0.46 0.55 0.17 0.5 0 0.52 0.25 1 1443
0.51 0.48 0.46 0.29 0.5 0 0.54 0.22 1 1231
0.48 0.41 0.52 0.33 0.5 0 0.51 0.26 1 1315
0.42 0.53 0.57 0.17 0.5 0 0.49 0.22 1 1235
0.38 0.51 0.75 0.17 0.5 0 0.55 0.22 1 1099
0.54 0.5 0.51 0.26 0.5 0 0.52 0.22 1 1363
0.34 0.46 0.57 0.09 0.5 0 0.55 0.22 1 1045
0.43 0.57 0.53 0.53 0.5 0 0.53 0.25 1 1084
0.4 0.47 0.48 0.18 0.5 0 0.46 0.22 1 1194
0.8 0.46 0.5 0.15 0.5 0 0.53 0.22 1 1104
0.59 0.54 0.53 0.14 0.5 0 0.48 0.22 1 1337
0.52 0.46 0.56 0.2 0.5 0 0.5 0.22 1 1236
0.54 0.55 0.55 0.4 0.5 0 0.53 0.22 1 1410
0.43 0.4 0.5 0.18 0.5 0 0.5 0.28 1 1201
0.59 0.51 0.48 0.12 0.5 0 0.54 0.31 1 1276
0.4 0.42 0.71 0.21 0.5 0 0.54 0.32 1 1074
0.45 0.56 0.49 0.17 0.5 0 0.52 0.22 1 1142
0.46 0.54 0.59 0.41 0.5 0 0.53 0.21 1 1320
0.36 0.37 0.63 0.25 0.5 0 0.3 0.22 1 1383
0.39 0.37 0.56 0.15 0.5 0 0.5 0.27 1 1189
0.24 0.34 0.69 0.18 0.5 0 0.52 0.22 1 1081
0.52 0.4 0.6 0.12 0.5 0 0.55 0.22 1 1094
0.53 0.41 0.5 0.24 1 0 0.47 0.22 1 1200
0.61 0.48 0.54 0.25 0.5 0 0.5 0.22 1 1481
0.44 0.36 0.64 0.45 0.5 0 0.53 0.11 1 1285
0.4 0.62 0.52 0.31 0.5 0 0.49 0.31 1 1063
0.48 0.61 0.57 0.17 0.5 0 0.45 0.22 1 1479
0.41 0.49 0.55 0.13 0.5 0 0.55 0.22 1 1390
0.53 0.57 0.6 0.36 0.5 0 0.5 0.22 1 1330
0.48 0.58 0.47 0.17 0.5 0 0.53 0.74 1 1473
0.37 0.3 0.62 0.43 0.5 0 0.44 0.39 1 1332
0.66 0.54 0.53 0.17 0.5 0 0.54 0.22 1 1444
0.45 0.56 0.54 0.32 0.5 0 0.57 0.22 1 1110
0.58 0.41 0.51 0.26 0.5 0 0.51 0.37 1 1160
0.45 0.27 0.5 0.33 0.5 0 0.53 0.26 1 1246
0.46 0.45 0.56 0.16 0.5 0 0.56 0.22 1 1166
0.4 0.42 0.57 0.35 0.5 0 0.53 0.25 1 1024
0.52 0.48 0.58 0.55 0.5 0 0.48 0.22 1 1183
0.51 0.4 0.5 0.28 0.5 0 0.48 0.27 1 1335
0.56 0.52 0.55 0.19 0.5 0 0.54 0.22 1 1106
0.6 0.47 0.45 0.22 0.5 0 0.51 0.29 1 1044
0.61 0.5 0.61 0.21 0.5 0 0.55 0.54 1 1371
0.44 0.56 0.52 0.18 0.5 0 0.5 0.11 1 1280
0.5 0.45 0.52 0.18 0.5 0 0.52 0.22 1 1398
0.51 0.53 0.55 0.14 0.5 0 0.51 0.22 1 1102
0.52 0.43 0.61 0.22 0.5 0 0.45 0.22 1 1312
0.6 0.5 0.57 0.25 0.5 0 0.41 0.26 1 1064
0.59 0.51 0.47 0.21 0.5 0 0.47 0.22 1 1399
0.63 0.62 0.42 0.12 0.5 0 0.52 0.25 1 1120
0.64 0.57 0.57 0.27 0.5 0 0.37 0.22 1 1054
0.33 0.36 0.62 0.26 0.5 0 0.55 0.22 1 1413
0.28 0.48 0.56 0.16 0.5 0 0.48 0.26 1 1210
0.57 0.48 0.54 0.22 0.5 0 0.5 0.11 1 1326
0.5 0.45 0.48 0.17 0.5 0 0.5 0.26 1 1186
0.5 0.45 0.51 0.19 0.5 0 0.53 0.25 1 1370
0.38 0.48 0.59 0.22 0.5 0 0.46 0.22 1 1103
0.56 0.46 0.51 0.25 0.5 0 0.54 0.22 1 1446
0.41 0.43 0.5 0.28 0.5 0 0.5 0.22 1 1173
0.28 0.36 0.55 0.15 0.5 0 0.57 0.22 1 1227
0.32 0.38 0.52 0.2 0.5 0 0.52 0.28 1 1138
0.38 0.61 0.61 0.12 0.5 0 0.53 0.47 1 1034
0.51 0.59 0.55 0.21 0.5 0 0.52 0.22 1 1388
0.53 0.59 0.48 0.14 0.5 0 0.51 0.22 1 1234
0.46 0.39 0.54 0.22 0.5 0 0.48 0.25 1 1317
0.58 0.56 0.46 0.14 0.5 0 0.51 0.22 1 1347
0.61 0.53 0.59 0.17 0.5 0 0.44 0.28 1 1277
0.42 0.43 0.56 0.1 0.5 0 0.49 0.22 1 1073
0.32 0.44 0.54 0.21 0.5 0 0.4 0.19 1 1313
0.44 0.34 0.55 0.18 0.5 0 0.52 0.22 1 1151
0.48 0.61 0.44 0.2 0.5 0 0.47 0.22 1 1077
0.43 0.22 0.79 0.79 0.5 0 0.22 0 1 1297
0.42 0.46 0.44 0.17 0.5 0 0.51 0.42 1 1454
0.47 0.56 0.58 0.19 0.5 0 0.44 0.64 1 1415
0.55 0.51 0.54 0.2 0.5 0 0.56 0.22 1 1229
0.45 0.4 0.5 0.16 0.5 0 0.5 0.22 1 1027
0.61 0.52 0.5 0.44 0.5 0 0.53 0.22 1 1404
0.65 0.63 0.47 0.22 0.5 0 0.52 0.27 1 1461
0.46 0.47 0.62 0.3 0.5 0 0.38 0.22 1 1450
0.6 0.51 0.49 0.18 0.5 0 0.53 0.38 1 1341
0.64 0.44 0.51 0.35 0.5 0 0.53 0.22 1 1258
0.3 0.45 0.55 0.19 0.5 0 0.53 0.4 1 1384
0.48 0.56 0.49 0.32 0.5 0 0.5 0.22 1 1243
0.61 0.55 0.51 0.26 0.5 0 0.52 0.22 1 1252
0.52 0.45 0.53 0.34 0.5 0 0.52 0.44 1 1407
0.48 0.44 0.46 0.37 0.5 0 0.46 0.36 1 1395
0.51 0.48 0.51 0.26 0.5 0 0.51 0.27 1 1378
0.31 0.55 0.52 0.17 0.5 0 0.52 0.22 1 1086
0.46 0.53 0.52 0.15 0.5 0 0.58 0.22 1 1031
0.32 0.32 0.52 0.18 0.5 0 0.48 0.34 1 1416
0.36 0.46 0.62 0.46 0.5 0 0.51 0.33 1 1051
0.51 0.58 0.54 0.29 0.5 0 0.53 0.22 1 1130
0.46 0.42 0.51 0.16 0.5 0 0.56 0.22 1 1340
0.66 0.6 0.52 0.19 0.5 0 0.69 0.22 1 1306
0.54 0.49 0.49 0.2 0.5 0 0.52 0.22 1 1076
0.3 0.5 0.47 0.11 0.5 0 0.46 0.22 1 1154
0.5 0.46 0.52 0.16 0.5 0 0.52 0.26 1 1175
0.39 0.47 0.56 0.16 0.5 0 0.47 0.22 1 1067
0.44 0.49 0.49 0.27 0.5 0 0.52 0.22 1 1424
0.42 0.37 0.54 0.17 0.5 0 0.51 0.22 1 1427
0.45 0.45 0.51 0.3 0.5 0 0.48 0.44 1 1382
0.41 0.51 0.58 0.15 0.5 0 0.45 0.27 1 1097
0.56 0.55 0.57 0.15 0.5 0 0.54 0.25 1 1360
0.48 0.46 0.58 0.16 0.5 0 0.45 0.22 1 1304
0.57 0.4 0.48 0.24 0.5 0 0.55 0.22 1 1198
0.57 0.43 0.52 0.3 0.5 0 0.37 0.11 1 1273
0.46 0.55 0.61 0.13 0.5 0 0.47 0.22 1 1197
0.46 0.54 0.59 0.41 0.5 0 0.53 0.21 1 1319
0.38 0.32 0.64 0.41 0.5 0 0.44 0.11 1 1482
0.35 0.47 0.53 0.19 0.5 0 0.48 0.22 1 1248
0.41 0.3 0.49 0.28 0.5 0 0.54 0.22 1 1172
0.51 0.39 0.58 0.19 0.5 0 0.47 0.22 1 1269
0.61 0.38 0.57 0.36 0.5 0 0.44 0.21 1 1266
0.35 0.5 0.44 0.27 0.5 0 0.51 0.22 1 1207
0.79 0.56 0.53 0.19 0.5 0 0.47 0.35 1 1439
0.53 0.43 0.57 0.24 0.5 0 0.39 0.28 1 1237
0.5 0.46 0.49 0.27 0.5 0 0.6 0.22 1 1448
0.62 0.33 0.49 0.24 0.5 0 0.51 0.42 1 1373
0.43 0.53 0.52 0.13 0.5 0 0.55 0.22 1 1030
0.41 0.48 0.51 0.2 0.5 0 0.51 0.22 1 1462
0.47 0.5 0.6 0.63 0.5 0 0.38 0.16 1 1474
0.33 0.37 0.49 0.22 0.5 0 0.55 0.22 1 1386
0.56 0.48 0.58 0.27 0.5 0 0.51 0.22 1 1037
0.5 0.47 0.56 0.31 0.5 0 0.56 0.26 1 1469
0.43 0.44 0.48 0.22 0.5 0 0.51 0.22 1 1028
0.44 0.41 0.58 0.2 0.5 0 0.57 0.25 1 1170
0.27 0.43 0.5 0.13 0.5 0 0.54 0.31 1 1453
0.4 0.6 0.5 0.16 0.5 0 0.51 0.22 1 1254
0.51 0.48 0.51 0.19 0.5 0 0.51 0.27 1 1377
0.52 0.56 0.55 0.16 0.5 0 0.53 0.39 1 1375
0.42 0.47 0.52 0.41 0.5 0 0.53 0.32 1 1050
0.55 0.66 0.57 0.32 0.5 0 0.57 0.34 1 1131
0.6 0.46 0.51 0.1 0.5 0 0.48 0.31 1 1381
0.55 0.69 0.51 0.12 0.5 0 0.51 0.22 1 1423
0.57 0.35 0.5 0.43 0.5 0 0.53 0.22 1 1403
0.51 0.46 0.57 0.25 0.5 0 0.53 0.22 1 1215
0.48 0.39 0.56 0.23 0.5 0 0.6 0.22 1 1455
0.61 0.48 0.56 0.19 0.5 0 0.53 0.31 1 1279
0.66 0.62 0.52 0.17 0.5 0 0.49 0.22 1 1169
0.59 0.65 0.52 0.3 0.5 0 0.46 0.31 1 1139
0.5 0.5 0.48 0.17 0.5 0 0.47 0.26 1 1134
0.49 0.44 0.51 0.18 0.5 0 0.52 0.27 1 1208
0.38 0.51 0.75 0.17 0.5 0 0.55 0.22 1 1098
0.21 0.38 0.49 0.16 0.5 0 0.51 0.45 1 1162
0.45 0.4 0.56 0.14 0.5 0 0.54 0.22 1 1126
0.47 0.39 0.59 0.15 0.5 0 0.57 0.22 1 1047
0.56 0.62 0.53 0.24 0.5 0 0.57 0.22 1 1122
0.47 0.5 0.55 0.19 0.5 0 0.62 0.22 1 1206
0.48 0.64 0.61 0.23 0.5 0 0.6 0.22 1 1085
0.48 0.54 0.55 0.12 0.5 0 0.51 0.22 1 1046
0.62 0.58 0.46 0.13 0.5 0 0.53 0.22 1 1116
0.51 0.35 0.46 0.15 0.5 0 0.51 0.42 1 1136
0.64 0.59 0.56 0.23 0.5 0 0.46 0.22 1 1038
0.54 0.65 0.49 0.34 0.5 0 0.52 0.22 1 1112
0.69 0.6 0.5 0.31 0.5 0 0.55 0.22 1 1129
0.23 0.29 0.46 0 0.5 0 0.43 0.31 1 1391
0.38 0.4 0.53 0.12 0.5 0 0.55 0.22 1 1343
0.59 0.48 0.5 0.14 0.5 0 0.45 0.25 1 1069
0.28 0.27 0.5 0.14 0.5 0 0.5 0.28 1 1417
0.52 0.51 0.51 0.12 0.5 0 0.51 0.4 1 1147
0.55 0.41 0.56 0.21 0.5 0 0.52 0.22 1 1157
0.55 0.56 0.45 0.14 0.5 0 0.54 0.22 1 1114
0.43 0.45 0.54 0.14 0.5 0 0.5 0.31 1 1182
0.71 0.5 0.5 0.18 0.5 0 0.46 0.22 1 1480
0.34 0.46 0.52 0.19 0.5 0 0.53 0.26 1 1346
0.39 0.39 0.59 0.25 0.5 0 0.45 0.22 1 1261
0.59 0.58 0.46 0.19 0.5 0 0.56 0.27 1 1113
0.34 0.54 0.5 0.21 0.5 0 0.54 0.31 1 1065
0.46 0.62 0.54 0.25 0.5 0 0.46 0.22 1 1233
0.29 0.46 0.54 0.27 0.5 0 0.49 0.22 1 1196
0.32 0.47 0.55 0.12 0.5 0 0.52 0.22 1 1115
0.4 0.44 0.5 0.13 0.5 0 0.52 0.39 1 1432
0.54 0.55 0.56 0.14 0.5 0 0.5 0.25 1 1262
0.59 0.45 0.53 0.19 0.5 0 0.59 0.27 1 1032
0.53 0.51 0.46 0.28 0.5 0 0.48 0.22 1 1092
0.59 0.48 0.49 0.49 0.5 0 0.36 0.32 1 1471
0.46 0.35 0.69 0.18 0.5 0 0.3 0.25 1 1271
0.54 0.38 0.52 0.18 0.5 0 0.48 0.22 1 1083
0.54 0.43 0.48 0.27 0.5 0 0.44 0.41 1 1431
0.63 0.43 0.48 0.11 0.5 0 0.51 0.22 1 1405
0.48 0.39 0.51 0.21 0.5 0 0.52 0.28 1 1036
0.58 0.6 0.51 0.24 0.5 0 0.53 0.22 1 1123
0.38 0.49 0.53 0.19 0.5 0 0.5 0.22 1 1042
0.49 0.44 0.45 0.22 0.5 0 0.51 0.22 1 1192
0.51 0.34 0.43 0.18 0.5 0 0.48 0.25 1 1176
0.54 0.44 0.55 0.48 0.5 0 0.47 0.22 1 1302
0.56 0.35 0.47 0.41 0.5 0 0.5 0.22 1 1300
0.56 0.52 0.46 0.17 0.5 0 0.49 0.73 1 1374
0.46 0.43 0.5 0.24 0.5 0 0.48 0.31 1 1250
0.34 0.25 0.55 0.28 0.5 0 0.51 0.49 1 1336
0.56 0.48 0.5 0.3 0.5 0 0.51 0.22 1 1212
0.5 0.55 0.52 0.16 0.5 0 0.51 0.31 1 1460
0.54 0.48 0.55 0.33 0.5 0 0.55 0.4 1 1408
0.66 0.55 0.54 0.18 0.5 0 0.43 0.22 1 1256
0.49 0.4 0.58 0.23 0.5 0 0.47 0.27 1 1333
0.61 0.46 0.54 0.11 0.5 0 0.47 0.22 1 1255
0.53 0.43 0.47 0.15 0.5 0 0.58 0.22 1 1165
0.5 0.34 0.62 0.19 0.5 0 0.57 0.22 1 1188
0.62 0.58 0.52 0.15 0.5 0 0.52 0.29 1 1133
0.41 0.46 0.57 0.25 0.5 0 0.57 0.38 1 1418
0.56 0.44 0.56 0.19 0.5 0 0.54 0.22 1 1167
0.48 0.42 0.52 0.24 0.5 0 0.56 0.22 1 1048
0.59 0.55 0.57 0.18 0.5 0 0.51 0.22 1 1354
0.47 0.52 0.5 0.4 0.5 0 0.41 0.22 1 1055
0.4 0.48 0.5 0.17 0.5 0 0.54 0.5 1 1158
0.39 0.45 0.51 0.29 0.5 0 0.54 0.22 1 1365
0.59 0.51 0.48 0.12 0.5 0 0.54 0.31 1 1275
0.34 0.54 0.54 0.13 0.5 0 0.52 0.22 1 1195
0.46 0.44 0.52 0.11 0.5 0 0.5 0.22 1 1025
0.47 0.39 0.55 0.24 0.5 0 0.47 0.22 1 1056
0.42 0.5 0.59 0.17 0.5 0 0.51 0.22 1 1409
0.39 0.65 0.57 0.19 0.5 0 0.44 0.25 1 1321
0.4 0.45 0.57 0.18 0.5 0 0.56 0.26 1 1035
0.49 0.46 0.54 0.18 0.5 0 0.35 0.22 1 1426
0.44 0.54 0.51 0.16 0.5 0 0.58 0.22 1 1419
0.44 0.71 0.5 0.21 0.5 0 0.54 0.27 1 1348
0.44 0.51 0.48 0.38 0.5 0 0.52 0.22 1 1155
0.52 0.54 0.5 0.21 0.5 0 0.48 0.3 1 1108
0.37 0.33 0.5 0.12 0.5 0 0.51 0.54 1 1141
0.49 0.61 0.49 0.25 0.5 0 0.5 0.28 1 1053
0.57 0.41 0.59 0.24 0.5 0 0.4 0.22 1 1095
0.38 0.62 0.52 0.14 0.5 0 0.53 0.22 1 1228
0.57 0.44 0.42 0.2 0.5 0 0.54 0.22 1 1193
0.46 0.52 0.51 0.13 0.5 0 0.47 0.22 1 1466
0.46 0.39 0.54 0.22 0.5 0 0.48 0.25 1 1316
0.45 0.27 0.57 0.36 0.5 0 0.52 0.18 1 1100
0.56 0.41 0.58 0.21 0.5 0 0.42 0.22 1 1096
0.39 0.4 0.53 0.67 0.5 0 0.47 0.22 1 1080
0.45 0.47 0.53 0.15 0.5 0 0.52 0.27 1 1230
0.58 0.44 0.5 0.26 0.5 0 0.52 0.22 1 1291
0.45 0.45 0.52 0.17 0.5 0 0.54 0.22 1 1240
0.52 0.5 0.6 0.2 0.5 0 0.52 0.22 1 1440
0.45 0.43 0.51 0.24 0.5 0 0.54 0.33 1 1072
0.29 0.32 0.58 0.15 0.5 0 0.5 0.3 1 1066
0.35 0.36 0.57 0.17 0.5 0 0.52 0.22 1 1125
0.41 0.4 0.59 0.47 0.5 0 0.48 0.43 1 1061
0.56 0.42 0.52 0.14 0.5 0 0.51 0.22 1 1339
0.39 0.39 0.65 0.16 0.5 0 0.45 0.22 1 1387
0.46 0.44 0.58 0.17 0.5 0 0.55 0.22 1 1345
0.42 0.45 0.75 0.21 0.5 0 0.48 0.22 1 1428
0.5 0.48 0.48 0.23 0.5 0 0.53 0.68 1 1338
0.63 0.64 0.45 0.26 0.5 0 0.43 0.22 1 1288
0.4 0.45 0.56 0.2 0.5 0 0.45 0.22 1 1052
0.44 0.39 0.53 0.14 0.5 0 0.54 0.44 1 1071
0.64 0.31 0.53 0.15 0.5 0 0.53 0.31 1 1362
0.59 0.7 0.46 0.19 0.5 0 0.54 0.44 1 1451
0.55 0.63 0.54 0.16 0.5 0 0.45 0.27 1 1232
0.64 0.44 0.56 0.15 0.5 0 0.56 0.22 1 1472
0.49 0.42 0.54 0.17 0.5 0 0.5 0.36 1 1152
0.42 0.5 0.64 0.13 0.5 0 0.49 0.22 1 1318
0.59 0.48 0.49 0.42 0.5 0 0.52 0.22 1 1402
0.59 0.43 0.52 0.19 0.5 0 0.55 0.27 1 1145
0.62 0.42 0.47 0.16 0.5 0 0.52 0.22 1 1397
0.21 0.41 0.55 0.11 0.5 0 0.5 0.27 1 1079
0.27 0.6 0.48 0.23 0.5 0 0.55 0.22 1 1060
0.4 0.45 0.61 0.29 0.5 0 0.44 0.22 1 1293
0.41 0.49 0.65 0.28 0.5 0 0.59 0.57 1 1328
0.5 0.64 0.57 0.15 0.5 0 0.47 0.22 1 1062
0.45 0.41 0.49 0.14 1 0 0.53 0.3 1 1222
0.33 0.46 0.53 0.12 0.5 0 0.5 0.27 1 1434
0.38 0.5 0.52 0.44 0.5 0 0.54 0.11 1 1323
0.47 0.38 0.58 0.19 0.5 0 0.57 0.22 1 1475
0.46 0.33 0.45 0.22 0.5 0 0.41 0.37 1 1310
0.44 0.55 0.51 0.16 0.5 0 0.6 0.22 1 1420
0.4 0.56 0.53 0.15 0.5 0 0.49 0.22 1 1421
0.32 0.42 0.52 0.24 0.5 0 0.6 0.22 1 1088
0.63 0.56 0.52 0.21 0.5 0 0.5 0.22 1 1464
0.31 0.45 0.5 0.17 0.5 0 0.49 0.22 1 1156
0.59 0.46 0.57 0.17 0.5 0 0.52 0.22 1 1441
0.3 0.33 0.55 0.12 0.5 0 0.53 0.38 1 1357
0.49 0.43 0.51 0.13 0.5 0 0.47 0.22 1 1082
0.37 0.44 0.64 0.48 0.5 0 0.36 0.27 1 1282
0.37 0.42 0.51 0.11 0.5 0 0.57 0.22 1 1090
0.43 0.45 0.53 0.19 0.5 0 0.56 0.22 1 1226
0.63 0.43 0.48 0.11 0.5 0 0.51 0.22 1 1406
0.54 0.35 0.55 0.19 0.5 0 0.3 0.22 1 1458
0.48 0.48 0.56 0.18 0.5 0 0.58 0.22 1 1249
0.37 0.3 0.62 0.43 0.5 0 0.44 0.39 1 1331
0.52 0.46 0.51 0.18 0.5 0 0.5 0.22 1 1217
0.48 0.51 0.57 0.24 0.5 0 0.5 0.22 1 1190
0.57 0.49 0.5 0.2 0.5 0 0.51 0.28 1 1220
0.52 0.47 0.58 0.18 0.5 0 0.34 0.11 1 1368
0.51 0.4 0.56 0.17 0.5 0.5 0.49 0.22 1 1022
0.5 0.36 0.53 0.41 0.5 0 0.55 0.36 1 1204
0.56 0.68 0.42 0.36 0.5 0 0.49 0.22 1 1465
0.59 0.47 0.51 0.53 0.5 0 0.53 0.26 1 1253
