0.85 0.56 0.33 0.38 1 0 0.55 0.25 10 3
0.86 0.92 0.5 0.37 1 0 0.53 0.32 10 4
0.77 0.8 0.51 0.4 1 0 0.54 0.22 10 2
0.74 0.75 0.45 0.44 0.5 0 0.52 0.22 9 25
0.46 0.37 0.48 0.36 0.5 0 0.48 0.22 9 20
0.44 0.53 0.52 0.23 0.5 0.83 0.51 0.22 9 9
0.57 0.52 0.46 0.2 0.5 0.83 0.52 0.41 9 23
0.5 0.5 0.54 0.16 0.5 0 0.49 0.22 9 16
0.42 0.5 0.53 0.22 0.5 0.83 0.5 0.22 9 14
0.32 0.68 0.51 0.16 0.5 0.83 0.55 0.22 9 21
0.45 0.41 0.5 0.46 0.5 0.5 0.5 0.27 9 6
0.4 0.4 0.43 0.19 0.5 0.83 0.48 0.22 9 22
0.52 0.5 0.53 0.1 0.5 0 0.48 0.22 9 12
0.69 0.6 0.51 0.13 0.5 0.83 0.52 0.22 9 10
0.68 0.59 0.44 0.49 0.5 0 0.4 0.26 9 18
0.49 0.27 0.57 0.18 0.5 0.83 0.54 0.22 9 15
0.74 0.57 0.51 0.28 0.5 0 0.58 0.22 8 27
0.8 0.82 0.57 0.26 0.5 0 0.57 0.27 8 33
0.58 0.43 0.32 0.11 0.5 0 0.49 0.22 8 41
0.4 0.36 0.55 0.15 0.5 0 0.53 0.22 8 35
0.51 0.46 0.49 0.21 0.5 0 0.55 0.22 8 32
0.73 0.59 0.35 0.15 0.5 0 0.54 0.22 8 47
0.55 0.44 0.5 0.09 0.5 0 0.55 0.22 8 43
0.64 0.61 0.56 0.15 0.5 0 0.54 0.22 8 49
0.46 0.49 0.45 0.28 0.5 0 0.55 0.22 8 34
0.37 0.36 0.56 0.18 0.5 0 0.48 0.26 8 26
0.49 0.5 0.42 0.43 0.5 0 0.5 0.36 8 42
0.69 0.7 0.5 0.3 0.5 0 0.54 0.22 8 38
0.42 0.32 0.48 0.16 0.5 0 0.55 0.22 8 30
0.7 0.65 0.54 0.28 0.5 0 0.6 0.4 8 28
0.36 0.68 0.38 0.08 0.5 0 0.53 0.25 8 29
0.36 0.51 0.51 0.17 0.5 0 0.52 0.22 8 44
0.4 0.36 0.32 0.16 0.5 0 0.51 0.27 8 54
0.48 0.58 0.58 0.12 0.5 0 0.49 0.22 8 50
0.6 0.37 0.52 0.15 0.5 0 0.55 0.26 8 48
0.57 0.47 0.48 0.17 0.5 0 0.52 0.26 8 55
0.81 0.85 0.47 0.37 0.5 0 0.56 0.22 7 58
0.77 0.79 0.58 0.23 0.5 0 0.48 0.22 7 61
0.74 0.74 0.51 0.27 0.5 0 0.5 0.22 7 78
0.87 0.83 0.57 0.36 0.5 0 0.36 0.22 7 68
0.82 0.78 0.49 0.23 0.5 0 0.46 0.22 7 62
0.74 0.82 0.46 0.24 0.5 0 0.48 0.22 7 87
0.8 0.79 0.43 0.25 0.5 0 0.52 0.22 7 90
0.74 0.67 0.47 0.34 0.5 0 0.42 0.22 7 56
0.81 0.82 0.41 0.36 0.5 0 0.39 0.22 7 65
0.77 0.73 0.51 0.27 0.5 0 0.34 0.22 7 81
0.74 0.71 0.52 0.3 0.5 0 0.27 0.22 7 80
0.49 0.39 0.52 0.29 0.5 0 0.48 0.22 7 57
0.74 0.72 0.5 0.28 0.5 0 0.5 0.27 7 75
0.75 0.76 0.58 0.22 0.5 0 0.49 0.22 7 88
0.74 0.72 0.5 0.28 0.5 0 0.49 0.27 7 76
0.83 0.81 0.45 0.38 0.5 0 0.4 0.26 7 85
0.7 0.58 0.53 0.39 0.5 0 0.59 0.22 7 84
0.89 0.77 0.36 0.34 0.5 0 0.44 0.22 7 67
0.77 0.73 0.49 0.46 0.5 0 0.38 0.22 7 83
0.69 0.7 0.52 0.36 0.5 0 0.46 0.22 7 60
0.41 0.59 0.46 0.19 0.5 0 0.36 0.22 7 73
0.77 0.72 0.48 0.26 0.5 0 0.51 0.22 7 77
0.77 0.87 0.47 0.37 0.5 0 0.48 0.22 7 64
0.77 0.68 0.35 0.19 0.5 0 0.53 0.43 6 132
0.75 0.73 0.35 0.33 0.5 0 0.49 0.28 6 127
0.85 0.85 0.3 0.31 0.5 0 0.55 0.42 6 133
0.78 0.69 0.44 0.26 0.5 0 0.54 0.22 6 109
0.74 0.73 0.32 0.2 0.5 0 0.55 0.22 6 126
0.74 0.89 0.32 0.24 0.5 0 0.54 0.32 6 108
0.78 0.74 0.42 0.26 0.5 0 0.43 0.22 6 92
0.73 0.83 0.43 0.3 0.5 0 0.55 0.22 6 94
0.67 0.63 0.34 0.41 0.5 0 0.6 0.33 6 103
0.77 0.82 0.4 0.36 0.5 0 0.38 0.22 6 112
0.79 0.79 0.42 0.26 0.5 0 0.6 0.22 6 117
0.7 0.73 0.38 0.36 0.5 0 0.54 0.22 6 104
0.7 0.69 0.43 0.33 0.5 0 0.58 0.22 6 99
0.77 0.7 0.37 0.12 0.5 0 0.49 0.26 6 125
0.8 0.73 0.47 0.19 0.5 0 0.49 0.22 6 131
0.78 0.7 0.32 0.23 0.5 0 0.53 0.22 6 95
0.84 0.66 0.36 0.78 0.5 0 0.49 0.5 6 98
0.71 0.79 0.41 0.38 0.5 0 0.54 0.22 6 123
0.78 0.71 0.35 0.25 0.5 0 0.49 0.22 6 119
0.85 0.85 0.3 0.31 0.5 0 0.55 0.42 6 100
0.89 0.81 0.36 0.71 0.5 0 0.55 0.63 6 101
0.69 0.66 0.36 0.09 0.5 0 0.56 0.22 6 121
0.77 0.78 0.27 0.37 0.5 0 0.49 0.22 6 122
0.92 0.66 0.52 0.23 0.5 0 0.53 0.22 6 129
0.84 0.87 0.45 0.54 0.5 0 0.28 0.22 6 105
0.78 0.73 0.27 0.28 0.5 0 0.56 0.22 6 115
0.88 0.72 0.32 0.3 0.5 0 0.52 0.33 6 114
0.8 0.83 0.43 0.24 0.5 0 0.54 0.22 6 118
0.83 0.94 0.32 0.21 0.5 0 0.51 0.22 6 128
0.86 0.68 0.39 0.24 0.5 0 0.54 0.22 5 135
0.78 0.63 0.53 0.13 0.5 0 0.54 0.22 5 164
0.66 0.66 0.32 0.54 0.5 0 0.51 0.22 5 161
0.97 0.71 0.29 0.42 0.5 0 0.35 0.22 5 169
0.34 0.38 0.45 0.19 0.5 0 0.51 0.22 5 145
0.83 0.58 0.33 0.04 0.5 0 0.53 0.22 5 141
0.86 0.78 0.34 0.15 0.5 0 0.53 0.22 5 182
0.58 0.76 0.4 0.37 0.5 0 0.54 0.3 5 155
0.74 0.75 0.58 0.47 0.5 0 0.4 0.35 5 138
0.56 0.49 0.32 0.22 0.5 0 0.5 0.22 5 173
0.89 0.52 0.41 0.26 0.5 0 0.52 0.31 5 163
0.7 0.57 0.34 0.19 0.5 0 0.53 0.27 5 176
0.36 0.34 0.46 0.19 0.5 0 0.52 0.22 5 158
0.39 0.71 0.38 0.14 0.5 0 0.5 0.22 5 174
0.76 0.67 0.37 0.22 0.5 0 0.54 0.22 5 167
0.81 0.55 0.35 0.34 0.5 0 0.51 0.22 5 170
0.78 0.48 0.47 0.3 0.5 0 0.53 0.47 5 159
0.79 0.57 0.41 0.28 0.5 0 0.59 0.22 5 137
0.76 0.74 0.56 0.34 0.5 0 0.51 0.3 5 154
0.81 0.9 0.39 0.41 0.5 0 0.53 0.22 5 147
0.77 0.6 0.42 0.33 0.5 0 0.57 0.22 5 153
0.72 0.56 0.4 0.26 0.5 0 0.51 0.26 5 160
0.79 0.62 0.35 0.35 0.5 0 0.6 0.28 5 178
0.88 0.75 0.41 0.36 0.5 0 0.43 0.22 5 179
0.73 0.55 0.41 0.16 0.5 0 0.46 0.22 5 146
0.54 0.42 0.41 0.16 0.5 0 0.52 0.22 5 140
0.94 0.6 0.33 0.49 0.5 0 0.54 0.22 5 156
0.37 0.42 0.46 0.15 0.5 0 0.51 0.31 5 175
0.46 0.47 0.44 0.18 1 0 0.46 0.22 5 172
0.67 0.57 0.36 0.19 0.5 0 0.56 0.22 5 185
0.71 0.51 0.49 0.23 0.5 0 0.3 0.32 5 180
0.8 0.69 0.53 0.33 0.5 0 0.51 0.22 5 177
0.68 0.5 0.43 0.27 0.5 0 0.61 0.22 5 150
0.43 0.38 0.38 0.12 0.5 0 0.5 0.22 5 166
0.54 0.55 0.34 0.31 0.5 0 0.54 0.22 4 195
0.4 0.43 0.36 0.33 0.5 0 0.51 0.22 4 286
0.49 0.4 0.34 0.26 0.5 0 0.5 0.22 4 231
0.45 0.57 0.3 0.17 0.5 0 0.51 0.22 4 236
0.36 0.58 0.35 0.24 0.5 0 0.44 0.22 4 192
0.38 0.37 0.36 0.14 0.5 0 0.54 0.22 4 333
0.43 0.41 0.37 0.18 0.5 0 0.54 0.31 4 318
0.4 0.65 0.38 0.17 0.5 0 0.57 0.22 4 297
0.53 0.68 0.34 0.42 0.5 0 0.54 0.27 4 227
0.29 0.43 0.4 0.15 0.5 0 0.53 0.22 4 208
0.41 0.42 0.23 0.16 0.5 0 0.4 0.22 4 292
0.52 0.65 0.36 0.26 0.5 0 0.44 0.22 4 331
0.4 0.45 0.42 0.17 0.5 0 0.54 0.26 4 239
0.32 0.45 0.39 0.14 0.5 0 0.45 0.22 4 329
0.53 0.68 0.42 0.19 0.5 0 0.53 0.22 4 214
0.39 0.49 0.3 0.19 0.5 0 0.52 0.31 4 268
0.41 0.53 0.45 0.14 0.5 0 0.52 0.66 4 188
0.55 0.42 0.34 0.3 0.5 0 0.52 0.22 4 204
0.36 0.49 0.3 0.22 0.5 0 0.52 0.31 4 207
0.55 0.39 0.39 0.47 0.5 0 0.5 0.83 4 304
0.47 0.61 0.32 0.27 0.5 0 0.5 0.3 4 322
0.25 0.42 0.21 0.14 0.5 0 0.41 0.22 4 293
0.39 0.56 0.34 0.18 0.5 0 0.49 0.22 4 327
0.53 0.51 0.36 0.13 0.5 0 0.52 0.22 4 259
0.57 0.5 0.4 0.08 0.5 0 0.47 0.22 4 275
0.45 0.66 0.39 0.11 0.5 0 0.54 0.22 4 274
0.32 0.36 0.28 0.38 0.5 0 0.5 0.4 4 296
0.39 0.46 0.33 0.18 0.5 0 0.53 0.22 4 276
0.47 0.43 0.35 0.32 0.5 0 0.54 0.22 4 246
0.46 0.59 0.38 0.12 0.5 0 0.5 0.22 4 319
0.35 0.56 0.36 0.3 0.5 0 0.53 0.25 4 220
0.37 0.4 0.38 0.18 0.5 0 0.51 0.22 4 289
0.49 0.56 0.37 0.2 0.5 0 0.53 0.22 4 343
0.41 0.48 0.38 0.13 0.5 0 0.51 0.35 4 260
0.25 0.35 0.22 0.18 0.5 0 0.46 0.22 4 288
0.3 0.68 0.41 0.17 0.5 0 0.51 0.22 4 323
0.41 0.54 0.39 0.2 0.5 0 0.51 0.22 4 186
0.51 0.55 0.35 0.16 0.5 0 0.51 0.47 4 206
0.36 0.37 0.33 0.14 0.5 0 0.57 0.31 4 203
0.37 0.34 0.32 0.22 0.5 0 0.56 0.22 4 219
0.46 0.48 0.38 0.22 0.5 0 0.39 0.45 4 284
0.42 0.44 0.33 0.17 0.5 0 0.54 0.27 4 237
0.48 0.49 0.45 0.23 0.5 0 0.51 0.22 4 258
0.46 0.61 0.38 0.35 0.5 0 0.49 0.22 4 299
0.65 0.66 0.37 0.12 0.5 0 0.52 0.27 4 280
0.52 0.75 0.37 0.14 0.5 0 0.46 0.22 4 209
0.38 0.67 0.33 0.17 0.5 0 0.51 0.22 4 337
0.42 0.42 0.42 0.2 0.5 0 0.49 0.22 4 198
0.39 0.44 0.28 0.12 0.5 0 0.46 0.27 4 217
0.34 0.4 0.3 0.23 0.5 0 0.51 0.22 4 232
0.47 0.6 0.35 0.21 0.5 0 0.52 0.22 4 256
0.44 0.51 0.37 0.15 0.5 0 0.51 0.22 4 221
0.43 0.44 0.3 0.18 0.5 0 0.51 0.22 4 233
0.26 0.44 0.3 0.11 0.5 0 0.51 0.47 4 201
0.5 0.46 0.42 0.32 0.5 0 0.56 0.55 4 242
0.42 0.51 0.33 0.16 0.5 0 0.54 0.22 4 307
0.61 0.76 0.3 0.16 0.5 0 0.45 0.41 4 336
0.66 0.55 0.34 0.2 0.5 0 0.62 0.22 4 271
0.35 0.32 0.31 0.16 0.5 0 0.56 0.22 4 325
0.36 0.33 0.38 0.15 0.5 0 0.55 0.36 4 272
0.27 0.56 0.3 0.14 0.5 0 0.52 0.39 4 266
0.49 0.49 0.4 0.2 0.5 0 0.48 0.26 4 311
0.37 0.62 0.34 0.25 0.5 0 0.51 0.22 4 229
0.2 0.34 0.33 0.1 0.5 0 0.48 0.31 4 224
0.37 0.55 0.29 0.32 0.5 0 0.51 0.22 4 249
0.63 0.65 0.42 0.18 0.5 0 0.54 0.27 4 335
0.36 0.5 0.39 0.23 0.5 0 0.5 0.22 4 300
0.26 0.5 0.33 0.28 0.5 0 0.51 0.22 4 199
0.47 0.59 0.43 0.13 0.5 0 0.56 0.3 4 238
0.49 0.31 0.43 0.24 0.5 0 0.54 0.22 4 294
0.44 0.43 0.34 0.21 0.5 0 0.55 0.4 4 267
0.54 0.55 0.42 0.22 0.5 0 0.48 0.22 4 216
0.67 0.61 0.39 0.24 0.5 0 0.51 0.22 4 326
0.54 0.44 0.35 0.19 0.5 0 0.51 0.27 4 279
0.43 0.45 0.37 0.12 0.5 0 0.48 0.22 4 234
0.28 0.48 0.36 0.16 0.5 0 0.53 0.22 4 330
0.63 0.61 0.41 0.22 0.5 0 0.51 0.22 4 211
0.35 0.53 0.35 0.33 0.5 0 0.5 0.32 4 241
0.44 0.41 0.29 0.21 0.5 0 0.49 0.22 4 257
0.3 0.5 0.34 0.26 0.5 0 0.51 0.22 4 230
0.49 0.53 0.36 0.15 0.5 0 0.52 0.27 4 309
0.39 0.37 0.33 0.23 0.5 0 0.52 0.26 4 254
0.5 0.63 0.45 0.13 0.5 0 0.45 0.32 4 339
0.29 0.26 0.43 0.17 0.5 0 0.55 0.3 4 341
0.43 0.6 0.4 0.12 0.5 0 0.49 0.29 4 320
0.42 0.51 0.39 0.22 0.5 0 0.49 0.26 4 250
0.49 0.6 0.3 0.34 0.5 0 0.5 0.43 4 265
0.36 0.46 0.43 0.19 0.5 0 0.48 0.22 4 213
0.58 0.53 0.38 0.18 0.5 0 0.52 0.22 4 212
0.39 0.33 0.33 0.23 0.5 0 0.47 0.22 4 338
0.5 0.47 0.45 0.14 0.5 0 0.53 0.32 4 308
0.39 0.58 0.5 0.26 0.5 0 0.54 0.59 4 196
0.51 0.46 0.41 0.36 0.5 0 0.49 0.22 4 342
0.37 0.51 0.39 0.18 0.5 0 0.51 0.27 4 269
0.39 0.63 0.41 0.27 0.5 0 0.49 0.22 4 310
0.45 0.5 0.43 0.16 0.5 0 0.52 0.28 4 315
0.65 0.61 0.39 0.3 0.5 0 0.57 0.28 4 245
0.51 0.38 0.42 0.21 0.5 0 0.46 0.34 4 328
0.42 0.71 0.45 0.15 0.5 0 0.48 0.22 4 332
0.47 0.54 0.37 0.14 0.5 0 0.5 0.22 4 202
0.59 0.48 0.41 0.53 0.5 0 0.48 0.56 4 305
0.49 0.55 0.35 0.23 0.5 0 0.57 0.22 4 344
0.3 0.37 0.4 0.45 0.5 0 0.48 0.41 4 347
0.38 0.45 0.37 0.19 0.5 0 0.52 0.3 4 262
0.22 0.53 0.36 0.22 0.5 0 0.54 0.31 4 317
0.6 0.68 0.3 0.27 0.5 0 0.55 0.22 4 345
0.49 0.31 0.34 0.13 0.5 0 0.52 0.22 4 223
0.46 0.4 0.38 0.18 0.5 0 0.49 0.22 4 251
0.65 0.62 0.26 0.33 0.5 0 0.55 0.22 4 321
0.6 0.51 0.6 0.38 0.5 0.83 0.52 0.24 3 478
0.26 0.28 0.6 0.2 0.5 0 0.54 0.31 3 535
0.41 0.49 0.58 0.22 0.5 0 0.52 0.22 3 525
0.45 0.59 0.53 0.74 0.5 0 0.47 0.25 3 436
0.72 0.58 0.42 0.28 0.5 0 0.48 0.22 3 453
0.55 0.53 0.55 0.46 0.5 0 0.52 0.22 3 387
0.46 0.46 0.56 0.12 0.5 0 0.55 0.22 3 516
0.58 0.49 0.5 0.41 0.5 0 0.57 0.22 3 456
0.54 0.64 0.5 0.13 0.5 0 0.49 0.22 3 501
0.57 0.61 0.55 0.27 0.5 0 0.44 0.21 3 486
0.49 0.45 0.54 0.4 0.5 0 0.55 0.22 3 547
0.59 0.56 0.5 0.48 0.5 0 0.46 0.22 3 579
0.59 0.61 0.51 0.62 0.5 0 0.51 0.38 3 540
0.38 0.54 0.54 0.41 0.5 0 0.51 0.22 3 497
0.45 0.58 0.48 0.67 0.5 0 0.52 0.22 3 363
0.41 0.41 0.43 0.61 0.5 0 0.53 0.22 3 552
0.53 0.5 0.54 0.56 0.5 0 0.49 0.41 3 445
0.53 0.51 0.55 0.57 0.5 0 0.46 0.22 3 561
0.47 0.46 0.59 0.49 0.5 0 0.56 0.22 3 415
0.55 0.41 0.67 0.61 0.5 0 0.49 0.14 3 571
0.57 0.51 0.34 0.13 0.5 0 0.53 0.27 3 567
0.47 0.41 0.66 0.26 0.5 0 0.53 0.22 3 385
0.67 0.68 0.46 0.29 0.5 0 0.46 0.22 3 414
0.36 0.4 0.53 0.48 0.5 0 0.48 0.22 3 471
0.6 0.46 0.59 0.16 0.5 0 0.49 0.22 3 490
0.46 0.44 0.53 0.31 0.5 0 0.48 0.22 3 509
0.5 0.57 0.62 0.25 0.5 0 0.51 0.22 3 539
0.45 0.43 0.63 0.4 0.5 0 0.59 0.11 3 483
0.59 0.6 0.49 0.43 0.5 0 0.53 0.31 3 389
0.47 0.53 0.48 0.51 0.5 0 0.54 0.22 3 555
0.51 0.46 0.4 0.65 0.5 0 0.49 0.22 3 543
0.39 0.28 0.54 0.14 0.5 0 0.59 0.22 3 526
0.37 0.51 0.57 0.4 0.5 0 0.48 0.27 3 519
0.5 0.54 0.48 0.65 0.5 0 0.53 0.22 3 353
0.51 0.42 0.56 0.38 0.5 0 0.46 0.22 3 472
0.6 0.5 0.44 0.61 0.5 0 0.47 0.22 3 365
0.46 0.71 0.48 0.53 0.5 0 0.53 0.22 3 391
0.49 0.48 0.46 0.63 0.5 0 0.52 0.22 3 460
0.53 0.53 0.6 0.13 0.5 0 0.49 0.22 3 419
0.63 0.57 0.5 0.48 0.5 0 0.51 0.22 3 591
0.53 0.52 0.61 0.35 0.5 0 0.5 0.22 3 492
0.45 0.55 0.54 0.66 0.5 0 0.47 0.22 3 366
0.6 0.4 0.52 0.46 0.5 0 0.53 0.22 3 355
0.57 0.57 0.44 0.37 0.5 0 0.52 0.25 3 402
0.37 0.58 0.44 0.51 0.5 0 0.44 0.22 3 412
0.54 0.52 0.63 0.37 0.5 0 0.46 0.22 3 376
0.57 0.61 0.55 0.67 0.5 0 0.48 0.22 3 437
0.58 0.61 0.47 0.13 0.5 0 0.48 0.22 3 349
0.38 0.68 0.44 0.45 0.5 0 0.53 0.22 3 393
0.51 0.51 0.43 0.87 0.5 0 0.52 0.22 3 359
0.48 0.52 0.49 0.35 0.5 0.5 0.51 0.22 3 537
0.63 0.57 0.59 0.4 0.5 0 0.38 0.22 3 371
0.6 0.59 0.45 0.23 0.5 0 0.55 0.22 3 465
0.59 0.57 0.46 0.14 0.5 0 0.52 0.22 3 442
0.55 0.49 0.5 0.46 0.5 0 0.52 0.25 3 434
0.78 0.65 0.4 0.16 0.5 0 0.63 0.22 3 522
0.51 0.52 0.48 0.5 0.5 0 0.51 0.22 3 433
0.59 0.58 0.47 0.61 0.5 0 0.44 0.3 3 538
0.71 0.59 0.48 0.43 0.5 0 0.59 0.22 3 392
0.61 0.54 0.54 0.38 0.5 0 0.54 0.29 3 573
0.59 0.67 0.56 0.41 0.5 0 0.47 0.22 3 382
0.51 0.39 0.56 0.55 0.5 0 0.46 0.64 3 577
0.61 0.46 0.51 0.37 0.5 0 0.51 0.22 3 499
0.56 0.59 0.45 0.15 0.5 0 0.54 0.22 3 565
0.23 0.37 0.32 0.13 0.5 0 0.53 0.22 3 568
0.4 0.56 0.48 0.14 0.5 0 0.47 0.22 3 418
0.42 0.65 0.58 0.34 0.5 0 0.5 0.22 3 542
0.45 0.53 0.47 0.43 0.5 0 0.5 0.27 3 531
0.42 0.57 0.72 0.22 0.5 0 0.57 0.22 3 420
0.51 0.68 0.49 0.59 0.5 0 0.54 0.27 3 430
0.64 0.62 0.29 0.28 0.5 0 0.51 0.22 3 386
0.5 0.52 0.6 0.51 0.5 0 0.48 0.22 3 408
0.36 0.38 0.56 0.44 0.5 0 0.48 0.22 3 491
0.51 0.46 0.54 0.41 0.5 0 0.53 0.22 3 517
0.75 0.66 0.64 0.39 0.5 0 0.46 0.32 3 524
0.62 0.59 0.54 0.47 0.5 0 0.46 0.22 3 493
0.45 0.53 0.51 0.42 0.5 0 0.52 0.22 3 545
0.59 0.45 0.58 0.21 0.5 0 0.49 0.22 3 536
0.72 0.61 0.37 0.3 0.5 0 0.57 0.22 3 400
0.55 0.38 0.64 0.42 0.5 0 0.47 0.22 3 553
0.53 0.42 0.58 0.29 0.5 0 0.5 0.22 3 481
0.57 0.53 0.53 0.34 0.5 0 0.53 0.22 3 362
0.5 0.61 0.44 0.2 0.5 0 0.49 0.22 3 586
0.47 0.47 0.57 0.48 0.5 0 0.48 0.22 3 383
0.59 0.61 0.34 0.22 0.5 0 0.51 0.22 3 406
0.57 0.58 0.58 0.35 0.5 0 0.49 0.22 3 487
0.6 0.51 0.52 0.45 0.5 0 0.5 0.27 3 518
0.47 0.41 0.53 0.27 0.5 0 0.47 0.25 3 583
0.58 0.63 0.52 0.7 0.5 0 0.46 0.22 3 582
0.45 0.45 0.5 0.6 0.5 0 0.49 0.22 3 381
0.59 0.53 0.43 0.44 0.5 0 0.5 0.22 3 361
0.6 0.57 0.64 0.52 0.5 0 0.47 0.28 3 480
0.52 0.77 0.38 0.34 0.5 0 0.51 0.22 3 407
0.53 0.56 0.49 0.46 0.5 0 0.52 0.22 3 431
0.43 0.57 0.51 0.49 0.5 0 0.48 0.22 3 372
0.41 0.54 0.58 0.2 0.5 0 0.52 0.22 3 473
0.44 0.44 0.67 0.35 0.5 0 0.48 0.26 3 484
0.63 0.6 0.5 0.27 0.5 0 0.55 0.22 3 508
0.41 0.41 0.51 0.19 0.5 0 0.57 0.22 3 454
0.43 0.35 0.52 0.52 0.5 0 0.54 0.22 3 364
0.46 0.49 0.58 0.23 0.5 0 0.44 0.22 3 367
0.49 0.44 0.45 0.55 0.5 0 0.48 0.22 3 505
0.4 0.68 0.5 0.82 0.5 0 0.44 0.36 3 468
0.47 0.54 0.53 0.77 0.5 0 0.52 0.36 3 541
0.51 0.56 0.51 0.42 0.5 0 0.53 0.36 3 503
0.48 0.47 0.54 0.55 0.5 0 0.51 0.65 3 464
0.47 0.58 0.47 0.52 0.5 0 0.54 0.22 3 563
0.47 0.63 0.66 0.45 0.5 0 0.37 0.11 3 440
0.51 0.48 0.51 0.43 0.5 0 0.49 0.22 3 507
0.66 0.52 0.52 0.44 0.5 0 0.56 0.27 3 462
0.52 0.54 0.47 0.49 0.5 0 0.54 0.22 3 559
0.48 0.57 0.52 0.61 0.5 0 0.51 0.22 3 447
0.67 0.51 0.54 0.21 0.5 0 0.43 0.3 3 467
0.5 0.54 0.53 0.54 0.5 0 0.51 0.27 3 370
0.35 0.49 0.47 0.22 0.5 0 0.5 0.28 3 439
0.38 0.47 0.47 0.18 0.5 0 0.44 0.26 3 590
0.6 0.59 0.47 0.47 0.5 0 0.53 0.22 3 544
0.67 0.62 0.4 0.43 0.5 0.83 0.5 0.22 3 377
0.28 0.18 0.72 0.26 0.5 0 0.49 0.25 3 572
0.45 0.48 0.63 0.67 0.5 0 0.48 0.22 3 461
0.52 0.62 0.54 0.19 0.5 0 0.5 0.22 3 448
0.47 0.56 0.46 0.5 0.5 0 0.51 0.22 3 557
0.5 0.58 0.46 0.46 0.5 0 0.46 0.22 3 374
0.63 0.47 0.56 0.12 0.5 0 0.5 0.22 3 512
0.78 0.75 0.4 0.28 0.5 0 0.53 0.22 3 380
0.52 0.64 0.34 0.16 0.5 0 0.57 0.22 3 523
0.72 0.61 0.45 0.3 0.5 0 0.54 0.25 3 360
0.5 0.46 0.64 0.36 0.5 0 0.49 0.22 3 477
0.39 0.58 0.47 0.18 0.5 0 0.48 0.22 3 589
0.54 0.47 0.58 0.4 0.5 0 0.46 0.27 3 569
0.41 0.47 0.58 0.62 0.5 0 0.5 0.22 3 514
0.55 0.59 0.47 0.64 0.5 0 0.54 0.33 3 500
0.61 0.73 0.5 0.58 0.5 0 0.5 0.22 3 575
0.53 0.44 0.51 0.33 0.5 0 0.52 0.22 3 416
0.32 0.47 0.55 0.25 0.5 0 0.49 0.22 3 458
0.75 0.6 0.43 0.35 0.5 0 0.45 0.27 3 532
0.67 0.51 0.53 0.28 0.5 0 0.51 0.22 3 438
0.45 0.56 0.51 0.64 0.5 0 0.54 0.22 3 428
0.5 0.53 0.45 0.44 0.5 0 0.49 0.22 3 435
0.6 0.54 0.54 0.53 0.5 0 0.52 0.27 3 527
0.51 0.59 0.46 0.13 0.5 0 0.48 0.22 3 584
0.57 0.4 0.62 0.3 0.5 0 0.48 0.11 3 474
0.52 0.51 0.51 0.54 0.5 0 0.55 0.27 3 395
0.55 0.53 0.54 0.4 0.5 0 0.48 0.22 3 513
0.51 0.45 0.62 0.25 0.5 0 0.59 0.22 3 592
0.55 0.5 0.66 0.36 0.5 0 0.49 0.22 3 354
0.47 0.52 0.54 0.25 0.5 0 0.54 0.29 3 564
0.65 0.53 0.55 0.52 0.5 0 0.47 0.27 3 496
0.6 0.62 0.54 0.4 0.5 0 0.5 0.22 3 470
0.58 0.58 0.58 0.49 0.5 0 0.49 0.26 3 398
0.4 0.52 0.53 0.52 0.5 0 0.51 0.22 3 457
0.54 0.64 0.4 0.56 0.5 0 0.51 0.22 3 562
0.68 0.5 0.55 0.65 0.5 0 0.46 0.31 3 449
0.42 0.31 0.62 0.12 0.5 0 0.4 0.22 3 403
0.53 0.48 0.45 0.44 0.5 0 0.49 0.27 3 459
0.49 0.46 0.45 0.45 0.5 0 0.52 0.22 3 404
0.75 0.67 0.51 0.29 0.5 0 0.52 0.36 3 521
0.49 0.42 0.56 0.55 0.5 0 0.42 0.25 3 368
0.58 0.52 0.61 0.33 0.5 0 0.38 0.11 3 485
0.4 0.74 0.49 0.16 0.5 0 0.51 0.22 3 502
0.46 0.54 0.71 0.15 0.5 0 0.59 0.22 3 417
0.47 0.65 0.54 0.62 0.5 0 0.53 0.36 3 423
0.81 0.65 0.52 0.41 0.5 0 0.57 0.26 3 455
0.35 0.58 0.54 0.16 0.5 0 0.51 0.22 2 617
0.62 0.41 0.52 0.17 0.5 0 0.48 0.22 2 818
0.67 0.71 0.52 0.65 0.5 0 0.53 0.36 2 630
0.27 0.31 0.55 0.13 0.5 0 0.5 0.22 2 882
0.5 0.43 0.5 0.17 0.5 0 0.46 0.47 2 942
0.52 0.48 0.54 0.28 0.5 0 0.54 0.22 2 720
0.34 0.66 0.51 0.16 0.5 0 0.47 0.33 2 679
0.44 0.33 0.55 0.16 0.5 0 0.49 0.22 2 853
0.36 0.39 0.55 0.26 0.5 0 0.49 0.22 2 758
0.4 0.3 0.57 0.13 0.5 0 0.46 0.22 2 881
0.56 0.63 0.52 0.2 0.5 0 0.34 0.26 2 756
0.45 0.51 0.5 0.16 0.5 0 0.52 1 2 613
0.47 0.59 0.37 0.31 0.5 0 0.51 0.36 2 759
0.45 0.65 0.51 0.17 0.5 0 0.49 0.22 2 907
0.41 0.6 0.53 0.29 0.5 0 0.47 0.43 2 683
0.49 0.36 0.47 0.28 0.5 0 0.56 0.54 2 988
0.44 0.53 0.43 0.17 0.5 0 0.54 0.75 2 724
0.48 0.5 0.47 0.29 0.5 0 0.46 0.27 2 902
0.37 0.22 0.64 0.35 0.5 0 0.47 0.22 2 697
0.47 0.49 0.63 0.17 0.5 0 0.31 0.26 2 685
0.87 0.47 0.6 0.47 0.5 0 0.59 0.22 2 773
0.53 0.51 0.51 0.11 0.5 0 0.49 0.41 2 734
0.55 0.59 0.53 0.15 0.5 0 0.49 0.22 2 840
0.28 0.51 0.55 0.11 0.5 0 0.46 0.22 2 686
0.39 0.42 0.49 0.1 0.5 0 0.49 0.65 2 785
0.25 0.4 0.52 0.15 0.5 0 0.56 0.28 2 1017
0.28 0.41 0.46 0.18 0.5 0 0.47 0.39 2 999
0.42 0.32 0.5 0.21 0.5 0 0.51 0.22 2 649
0.36 0.48 0.5 0.13 0.5 0 0.49 0.6 2 838
0.33 0.17 0.52 0.13 0.5 0 0.51 0.75 2 977
0.37 0.42 0.6 0.13 0.5 0 0.51 0.22 2 790
0.3 0.55 0.58 0.16 0.5 0 0.61 0.28 2 774
0.64 0.52 0.5 0.26 0.5 0 0.51 0.31 2 787
0.54 0.57 0.55 0.18 0.5 0 0.5 0.22 2 879
0.31 0.42 0.48 0.17 0.5 0 0.49 0.53 2 786
0.62 0.51 0.52 0.42 0.5 0 0.54 0.27 2 616
0.37 0.34 0.58 0.24 0.5 0 0.44 0.18 2 692
0.46 0.32 0.58 0.17 0.5 0 0.61 0.25 2 727
0.33 0.28 0.5 0.4 0.5 0 0.46 0.61 2 831
0.46 0.41 0.45 0.23 0.5 0 0.48 0.22 2 928
0.42 0.32 0.61 0.13 0.5 0 0.14 0.27 2 713
0.88 0.59 0.54 0.39 0.5 0 0.41 0.3 2 780
0.29 0.4 0.5 0.16 0.5 0 0.51 0.34 2 893
0.44 0.5 0.55 0.24 0.5 0 0.48 0.22 2 884
0.38 0.48 0.51 0.13 0.5 0 0.5 0.32 2 799
0.56 0.57 0.63 0.39 1 0 0.59 0.4 2 687
0.45 0.38 0.59 0.18 0.5 0 0.44 0.45 2 712
0.5 0.45 0.49 0.3 0.5 0 0.47 0.4 2 714
0.54 0.52 0.54 0.2 0.5 0 0.55 0.25 2 741
0.5 0.51 0.52 0.09 0.5 0 0.48 0.25 2 656
0.44 0.42 0.62 0.14 0.5 0 0.55 0.37 2 690
0.56 0.52 0.48 0.17 0.5 0 0.46 0.22 2 638
0.37 0.48 0.5 0.26 0.5 0 0.52 0.39 2 803
0.64 0.6 0.57 0.19 0.5 0 0.43 0.22 2 621
0.63 0.58 0.57 0.1 0.5 0 0.52 0.33 2 973
0.36 0.3 0.5 0.19 0.5 0 0.55 0.3 2 767
0.53 0.53 0.53 0.17 0.5 0 0.49 0.37 2 701
0.39 0.34 0.68 0.3 0.5 0 0.5 0.29 2 764
0.43 0.38 0.51 0.24 0.5 0 0.46 0.33 2 721
0.52 0.49 0.57 0.57 0.5 0 0.51 0.22 2 725
0.46 0.43 0.49 0.79 0.5 0 0.49 0.63 2 658
0.7 0.51 0.47 0.24 0.5 0 0.53 0.25 2 781
0.62 0.64 0.56 0.2 0.5 0 0.48 0.33 2 726
0.4 0.49 0.53 0.23 0.5 0 0.44 0.26 2 906
0.58 0.51 0.63 0.2 0.5 0 0.5 0.42 2 972
0.23 0.3 0.58 0.22 0.5 0 0.48 0.27 2 671
0.66 0.54 0.49 0.16 0.5 0 0.54 0.36 2 744
0.47 0.32 0.51 0.24 0.5 0 0.54 0.27 2 950
0.51 0.48 0.58 0.22 0.5 0 0.5 0.28 2 700
0.56 0.54 0.59 0.14 0.5 0 0.52 0.27 2 672
0.54 0.53 0.53 0.17 0.5 0 0.51 0.39 2 849
0.61 0.39 0.53 0.14 0.5 0 0.43 0.26 2 829
0.58 0.44 0.57 0.13 0.5 0 0.54 0.22 2 593
0.43 0.39 0.54 0.21 0.5 0 0.53 0.27 2 595
0.56 0.49 0.54 0.15 0.5 0 0.5 0.35 2 874
0.25 0.33 0.48 0.18 0.5 0 0.42 0.33 2 953
0.26 0.36 0.47 0.34 0.5 0 0.53 0.72 2 624
0.4 0.44 0.49 0.47 0.5 0 0.49 0.27 2 612
0.31 0.31 0.54 0.18 0.5 0 0.52 0.29 2 673
0.33 0.44 0.49 0.08 0.5 0 0.48 0.49 2 664
0.48 0.54 0.5 0.17 0.5 0 0.53 0.22 2 618
0.31 0.46 0.54 0.52 0.5 0 0.5 0.34 2 643
0.51 0.6 0.51 0.26 0.5 0 0.54 0.22 2 748
0.29 0.68 0.47 0.26 0.5 0 0.47 0.37 2 702
0.41 0.59 0.65 0.14 0.5 0 0.49 0.33 2 975
0.41 0.24 0.54 0.26 0.5 0 0.41 0.22 2 654
0.36 0.48 0.61 0.26 0.5 0 0.5 0.16 2 1012
0.57 0.51 0.58 0.22 0.5 0 0.51 0.22 2 859
0.41 0.25 0.59 0.44 0.5 0 0.6 0.69 2 1013
0.47 0.47 0.54 0.19 0.5 0 0.51 0.33 2 860
0.41 0.48 0.54 0.24 0.5 0 0.37 0.51 2 792
0.17 0.38 0.45 0.09 0.5 0 0.54 0.27 2 676
0.46 0.49 0.55 0.18 0.5 0 0.56 0.22 2 900
0.45 0.46 0.55 0.43 0.5 0 0.55 0.38 2 603
0.42 0.38 0.52 0.29 0.5 0 0.42 0.22 2 898
0.55 0.54 0.56 0.22 0.5 0 0.5 0.37 2 651
0.47 0.46 0.53 0.12 0.5 0 0.51 0.25 2 978
0.32 0.48 0.49 0.17 0.5 0 0.47 0.22 2 820
0.64 0.56 0.52 0.17 0.5 0 0.54 0.47 2 994
0.33 0.37 0.54 0.28 0.5 0 0.53 0.27 2 729
0.43 0.4 0.6 0.16 0.5 0 0.53 0.39 2 1021
0.31 0.6 0.65 0.18 0.5 0 0.46 0.22 2 888
0.46 0.53 0.47 0.37 0.5 0 0.51 0.36 2 887
0.56 0.45 0.59 0.14 0.5 0 0.51 0.26 2 711
0.45 0.48 0.56 0.56 0.5 0 0.47 0.22 2 811
0.38 0.42 0.47 0.12 0.5 0 0.47 0.53 2 955
0.48 0.17 0.37 0.33 0.5 0 0.44 0.36 2 963
0.36 0.52 0.61 0.33 0.5 0 0.52 0.37 2 987
0.32 0.49 0.53 0.28 0.5 0 0.5 0.5 2 856
0.45 0.4 0.56 0.15 0.5 0 0.52 0.22 2 970
0.52 0.38 0.62 0.12 0.5 0 0.41 0.28 2 750
0.38 0.58 0.46 0.21 0.5 0 0.52 0.22 2 933
0.39 0.39 0.55 0.52 0.5 0 0.37 0.16 2 694
0.23 0.13 0.51 0.16 0.5 0 0.53 0.51 2 943
0.5 0.52 0.59 0.3 0.5 0 0.51 0.35 2 607
0.34 0.58 0.5 0.26 0.5 0 0.51 0.22 2 861
0.5 0.34 0.55 0.21 0.5 0 0.49 0.22 2 598
0.43 0.41 0.51 0.34 0.5 0 0.49 0.28 2 842
0.34 0.36 0.54 0.11 0.5 0 0.36 0.21 2 641
0.48 0.23 0.57 0.27 0.5 0 0.48 0.47 2 609
0.46 0.41 0.58 0.1 0.5 0 0.48 0.22 2 858
0.44 0.39 0.63 0.11 0.5 0 0.49 0.26 2 954
0.4 0.39 0.6 0.23 0.5 0 0.52 0.31 2 929
0.66 0.65 0.53 0.17 0.5 0 0.47 0.66 2 959
0.47 0.43 0.61 0.4 0.5 0 0.48 0.47 2 1020
0.45 0.54 0.49 0.29 0.5 0 0.49 0.25 2 839
0.54 0.6 0.57 0.17 0.5 0 0.44 0.22 2 926
0.39 0.44 0.54 0.24 0.5 0 0.51 0.49 2 833
0.46 0.57 0.57 0.15 0.5 0 0.52 0.26 2 688
0.58 0.46 0.46 0.34 0.5 0 0.5 0.43 2 745
0.41 0.39 0.61 0.17 0.5 0 0.5 0.61 2 966
0.19 0.66 0.6 0.14 0.5 0 0.2 0.25 2 956
0.34 0.35 0.61 0.19 0.5 0 0.52 0.25 2 705
0.7 0.53 0.42 0.22 0.5 0 0.51 0.28 2 736
0.25 0.39 0.5 0.23 0.5 0 0.5 0.28 2 804
0.58 0.56 0.45 0.12 0.5 0 0.51 0.22 2 639
0.58 0.37 0.58 0.16 0.5 0 0.51 0.22 2 962
0.48 0.43 0.51 0.32 0.5 0 0.52 0.43 2 605
0.58 0.44 0.45 0.32 0.5 0 0.52 0.37 2 1004
0.42 0.51 0.5 0.12 0.5 0 0.52 0.46 2 632
0.33 0.55 0.51 0.43 0.5 0 0.51 0.22 2 601
0.23 0.2 0.53 0.2 0.5 0 0.44 0.22 2 650
0.47 0.5 0.47 0.22 0.5 0 0.53 0.45 2 911
0.49 0.6 0.42 0.18 0.5 0 0.58 0.28 2 947
0.51 0.5 0.54 0.11 0.5 0 0.6 0.22 2 925
0.43 0.51 0.54 0.15 0.5 0 0.45 0.26 2 677
0.37 0.45 0.53 0.14 0.5 0 0.49 0.22 2 890
0.23 0.34 0.41 0.28 0.5 0 0.5 0.27 2 715
0.57 0.29 0.63 0.22 0.5 0 0.49 0.27 2 979
0.57 0.59 0.49 0.86 0.5 0 0.47 0.22 2 1014
0.43 0.32 0.56 0.27 0.5 0 0.47 0.27 2 719
0.45 0.4 0.43 0.22 0.5 0 0.51 0.48 2 798
0.4 0.45 0.45 0.15 0.5 0 0.53 0.48 2 995
0.25 0.36 0.58 0.3 0.5 0 0.58 0.31 2 782
0.61 0.6 0.55 0.21 0.5 0 0.5 0.25 2 599
0.57 0.49 0.61 0.26 0.5 0 0.52 0.22 2 876
0.59 0.53 0.47 0.26 0.5 0 0.53 0.31 2 717
0.59 0.58 0.56 0.21 0.5 0 0.54 0.33 2 644
0.59 0.67 0.54 0.19 0.5 0 0.48 0.6 2 1019
0.42 0.31 0.5 0.15 0.5 0 0.53 0.22 2 629
0.41 0.52 0.56 0.26 0.5 0 0.48 0.32 2 844
0.19 0.16 0.68 0.36 0.5 0 0.49 0.21 2 917
0.37 0.3 0.51 0.15 0.5 0 0.58 0.26 2 894
0.38 0.44 0.57 0.14 0.5 0 0.53 0.52 2 1008
0.41 0.46 0.59 0.19 0.5 0 0.58 0.27 2 606
0.37 0.47 0.49 0.12 0.5 0 0.47 0.31 2 913
0.54 0.59 0.57 0.34 0.5 0 0.49 0.22 2 904
0.6 0.62 0.54 0.11 0.5 0 0.51 0.22 2 948
0.44 0.42 0.57 0.22 0.5 0 0.5 0.25 2 794
0.37 0.32 0.47 0.18 0.5 0 0.45 0.25 2 604
0.3 0.32 0.57 0.19 0.5 0 0.48 0.55 2 611
0.35 0.6 0.47 0.13 0.5 0 0.52 0.43 2 663
0.44 0.45 0.53 0.19 0.5 0 0.41 0.28 2 854
0.31 0.5 0.54 0.32 0.5 0 0.53 0.31 2 952
0.41 0.42 0.53 0.17 0.5 0 0.48 0.58 2 981
0.51 0.56 0.62 0.24 0.5 0 0.52 0.51 2 752
0.49 0.38 0.49 0.15 0.5 0 0.53 0.25 2 984
0.48 0.45 0.59 0.2 0.5 0 0.58 0.34 2 594
0.49 0.49 0.51 0.29 0.5 0 0.52 0.71 2 846
0.42 0.28 0.51 0.23 0.5 0 0.53 0.27 2 809
0.48 0.45 0.63 0.19 0.5 0 0.58 0.22 2 877
0.51 0.34 0.49 0.16 0.5 0 0.53 0.21 2 776
0.42 0.28 0.57 0.18 0.5 0 0.42 0.22 2 757
0.49 0.47 0.53 0.16 0.5 0 0.48 0.27 2 631
0.53 0.51 0.54 0.21 0.5 0 0.45 0.22 2 983
0.53 0.25 0.59 0.27 0.5 0 0.45 0.26 2 951
0.31 0.44 0.53 0.23 0.5 0 0.51 0.32 2 634
0.55 0.38 0.52 0.16 0.5 0 0.49 0.64 2 965
0.51 0.39 0.56 0.25 0.5 0 0.51 0.33 2 825
0.53 0.51 0.55 0.05 0.5 0 0.45 0.25 2 615
0.51 0.55 0.56 0.18 0.5 0 0.5 0.38 2 832
0.48 0.47 0.59 0.41 0.5 0 0.56 0.27 2 845
0.58 0.48 0.56 0.12 0.5 0 0.46 0.25 2 682
0.44 0.53 0.52 0.37 0.5 0 0.5 0.22 2 706
0.44 0.53 0.52 0.37 0.5 0 0.5 0.22 2 707
0.55 0.49 0.45 0.18 0.5 0 0.49 0.22 2 737
0.4 0.75 0.44 0.12 0.5 0 0.49 0.22 2 919
0.47 0.37 0.46 0.28 0.5 0 0.52 0.99 2 901
0.48 0.57 0.5 0.09 0.5 0 0.52 0.42 2 695
0.57 0.53 0.6 0.28 0.5 0 0.52 0.45 2 997
0.33 0.48 0.55 0.16 0.5 0 0.53 0.75 2 770
0.47 0.47 0.5 0.15 0.5 0 0.5 0.48 2 775
0.38 0.38 0.54 0.24 0.5 0 0.54 0.22 2 891
0.56 0.49 0.47 0.13 0.5 0 0.52 0.22 2 992
0.48 0.62 0.52 0.3 0.5 0 0.51 0.37 2 760
0.57 0.37 0.43 0.27 0.5 0 0.53 0.28 2 875
0.4 0.43 0.49 0.17 0.5 0 0.51 0.36 2 1009
0.73 0.52 0.59 0.25 0.5 0 0.51 0.22 2 941
0.34 0.48 0.47 0.19 0.5 0 0.5 0.3 2 878
0.47 0.45 0.51 0.33 0.5 0 0.46 0.26 2 869
0.54 0.53 0.48 0.14 0.5 0 0.49 0.33 2 802
0.42 0.21 0.59 0.3 0.5 0 0.47 0.27 2 864
0.49 0.71 0.54 0.13 0.5 0 0.58 0.22 2 805
0.37 0.29 0.45 0.15 0.5 0 0.49 0.22 2 936
0.4 0.37 0.54 0.13 0.5 0 0.48 0.22 2 796
0.47 0.4 0.63 0.19 0.5 0 0.52 0.32 2 1006
0.37 0.34 0.58 0.24 0.5 0 0.44 0.18 2 691
0.58 0.56 0.52 0.25 0.5 0 0.57 0.35 2 755
0.53 0.54 0.43 0.18 0.5 0 0.53 0.31 2 795
0.33 0.47 0.55 0.24 0.5 0 0.45 0.67 2 921
0.49 0.49 0.52 0.18 0.5 0 0.51 0.25 2 903
0.37 0.31 0.53 0.16 0.5 0 0.53 0.44 2 742
0.48 0.54 0.53 0.6 0.5 0 0.53 0.31 2 761
0.36 0.39 0.54 0.16 0.5 0 0.5 0.28 2 801
0.39 0.16 0.59 0.08 0.5 0 0.51 0.27 2 830
0.32 0.3 0.57 0.38 0.5 0 0.5 0.25 2 998
0.36 0.24 0.49 0.16 0.5 0 0.51 0.22 2 652
0.5 0.49 0.52 0.2 0.5 0 0.43 0.52 2 731
0.55 0.47 0.53 0.2 0.5 0 0.4 0.22 2 949
0.55 0.46 0.46 0.31 0.5 0 0.58 0.48 2 662
0.45 0.41 0.58 0.48 0.5 0 0.53 0.64 2 778
0.39 0.35 0.49 0.17 0.5 0 0.49 0.22 2 754
0.38 0.51 0.56 0.21 0.5 0 0.48 0.31 2 957
0.55 0.65 0.5 0.28 0.5 0 0.55 0.22 2 740
0.4 0.66 0.34 0.21 0.5 0 0.52 0.26 2 863
0.37 0.48 0.67 0.37 0.5 0 0.56 0.62 2 937
0.52 0.46 0.56 0.25 0.5 0 0.52 0.22 2 883
0.24 0.41 0.47 0.16 0.5 0 0.51 0.38 2 828
0.5 0.45 0.49 0.15 0.5 0 0.55 0.43 2 703
0.53 0.54 0.43 0.1 0.5 0 0.57 0.32 2 600
0.52 0.5 0.51 0.2 0.5 0 0.51 0.22 2 836
0.53 0.44 0.47 0.22 0.5 0 0.53 0.22 2 723
0.4 0.34 0.52 0.17 0.5 0 0.47 0.51 2 680
0.33 0.42 0.55 0.23 0.5 0 0.52 0.43 2 912
0.43 0.39 0.59 0.13 0.5 0 0.41 0.43 2 743
0.45 0.41 0.53 0.49 0.5 0 0.49 0.31 2 909
0.49 0.6 0.54 0.35 0.5 0 0.53 0.46 2 944
0.53 0.46 0.54 0.37 0.5 0 0.51 0.3 2 850
0.35 0.29 0.46 0.14 0.5 0 0.54 0.66 2 1011
0.33 0.35 0.56 0.19 0.5 0 0.5 0.22 2 810
0.38 0.44 0.55 0.44 0.5 0 0.47 0.51 2 880
0.42 0.28 0.49 0.22 0.5 0 0.55 0.34 2 910
0.28 0.37 0.61 0.09 0.5 0 0.52 0.55 2 623
0.35 0.44 0.54 0.26 0.5 0 0.52 0.26 2 768
0.56 0.51 0.32 0.49 0.5 0 0.48 0.22 2 867
0.32 0.34 0.61 0.17 0.5 0 0.52 0.32 2 708
0.42 0.42 0.55 0.31 0.5 0 0.43 0.22 2 908
0.67 0.46 0.58 0.3 0.5 0 0.57 0.27 2 791
0.5 0.42 0.57 0.49 0.5 0 0.48 0.27 2 797
0.59 0.49 0.45 0.22 0.5 0 0.45 0.31 2 940
0.51 0.61 0.5 0.23 0.5 0 0.52 0.61 2 848
0.35 0.4 0.44 0.25 0.5 0 0.53 0.57 2 865
0.72 0.51 0.52 0.08 0.5 0 0.54 0.22 2 872
0.58 0.48 0.56 0.1 0.5 0 0.46 0.25 2 681
0.3 0.3 0.46 0.32 0.5 0 0.45 0.22 2 815
0.52 0.49 0.59 0.21 0.5 0 0.47 0.22 2 980
0.49 0.48 0.52 0.2 0.5 0 0.55 0.22 2 800
0.56 0.59 0.54 0.18 0.5 0 0.48 0.46 2 812
0.55 0.79 0.45 0.25 0.5 0 0.51 0.22 2 971
0.57 0.55 0.52 0.16 0.5 0 0.49 0.39 2 855
0.61 0.3 0.59 0.12 0.5 0 0.49 0.27 2 659
0.45 0.36 0.5 0.19 0.5 0 0.53 0.7 2 982
0.35 0.4 0.59 0.22 0.5 0 0.47 0.37 2 648
0.11 0.41 0.67 0.13 0.5 0 0.45 0.29 2 765
0.25 0.41 0.47 0.14 0.5 0 0.56 0.68 2 1000
0.44 0.34 0.61 0.13 0.5 0 0.49 0.26 2 772
0.33 0.39 0.52 0.09 0.5 0 0.47 0.28 2 813
0.47 0.46 0.55 0.28 0.5 0 0.44 0.46 2 753
0.54 0.57 0.52 0.19 0.5 0 0.59 0.67 2 665
0.33 0.46 0.6 0.18 0.5 0 0.51 0.26 2 924
0.37 0.46 0.4 0.27 0.5 0 0.45 0.22 2 622
0.37 0.53 0.46 0.23 0.5 0 0.47 0.22 2 660
0.38 0.4 0.39 0.19 0.5 0 0.46 0.62 2 1015
0.33 0.43 0.64 0.16 0.5 0 0.52 0.52 2 608
0.46 0.5 0.5 0.28 0.5 0 0.5 0.37 2 932
0.41 0.47 0.5 0.14 0.5 0 0.53 0.37 2 1016
0.73 0.6 0.47 0.2 0.5 0 0.72 0.22 1 1308
0.5 0.4 0.57 0.17 0.5 0 0.59 0.22 1 1467
0.44 0.41 0.58 0.2 0.5 0 0.57 0.25 1 1170
0.8 0.46 0.5 0.15 0.5 0 0.53 0.22 1 1104
0.4 0.42 0.71 0.21 0.5 0 0.54 0.32 1 1075
0.54 0.49 0.49 0.2 0.5 0 0.52 0.22 1 1076
0.6 0.64 0.56 0.36 0.5 0 0.46 0.27 1 1364
0.39 0.3 0.63 0.2 0.5 0 0.43 0.47 1 1356
0.49 0.43 0.51 0.13 0.5 0 0.47 0.22 1 1082
0.45 0.47 0.53 0.15 0.5 0 0.52 0.27 1 1230
0.59 0.7 0.46 0.19 0.5 0 0.54 0.44 1 1451
0.52 0.56 0.55 0.16 0.5 0 0.53 0.39 1 1375
0.62 0.42 0.47 0.16 0.5 0 0.52 0.22 1 1397
0.45 0.5 0.57 0.29 0.5 0 0.44 0.11 1 1264
0.38 0.4 0.53 0.12 0.5 0 0.55 0.22 1 1343
0.46 0.35 0.53 0.16 0.5 0 0.51 0.29 1 1105
0.47 0.49 0.6 0.15 0.5 0 0.38 0.22 1 1223
0.23 0.29 0.46 0 0.5 0 0.43 0.31 1 1391
0.56 0.48 0.5 0.3 0.5 0 0.51 0.22 1 1212
0.5 0.64 0.57 0.15 0.5 0 0.47 0.22 1 1062
0.31 0.55 0.52 0.17 0.5 0 0.52 0.22 1 1086
0.5 0.49 0.46 0.22 0.5 0 0.53 0.25 1 1396
0.53 0.52 0.49 0.27 0.5 0 0.51 0.22 1 1468
0.51 0.48 0.51 0.19 0.5 0 0.51 0.27 1 1377
0.63 0.64 0.45 0.26 0.5 0 0.43 0.22 1 1287
0.46 0.45 0.56 0.16 0.5 0 0.56 0.22 1 1166
0.51 0.4 0.56 0.17 0.5 0.5 0.49 0.22 1 1022
0.54 0.38 0.52 0.18 0.5 0 0.48 0.22 1 1083
0.36 0.56 0.52 0.18 0.5 0 0.45 0.16 1 1281
0.34 0.34 0.65 0.4 0.5 0 0.32 0.16 1 1296
0.49 0.42 0.54 0.17 0.5 0 0.5 0.36 1 1152
0.54 0.44 0.55 0.48 0.5 0 0.47 0.22 1 1302
0.51 0.48 0.51 0.26 0.5 0 0.51 0.27 1 1378
0.41 0.43 0.5 0.28 0.5 0 0.5 0.22 1 1173
0.53 0.48 0.51 0.18 0.5 0 0.51 0.27 1 1379
0.43 0.53 0.52 0.13 0.5 0 0.55 0.22 1 1030
0.49 0.45 0.53 0.16 0.5 0 0.49 0.31 1 1214
0.45 0.4 0.5 0.16 0.5 0 0.5 0.22 1 1027
0.53 0.57 0.6 0.36 0.5 0 0.5 0.22 1 1330
0.44 0.36 0.64 0.45 0.5 0 0.53 0.11 1 1285
0.61 0.53 0.59 0.17 0.5 0 0.44 0.28 1 1277
0.47 0.47 0.58 0.16 0.5 0 0.49 0.28 1 1127
0.46 0.39 0.54 0.22 0.5 0 0.48 0.25 1 1316
0.35 0.4 0.53 0.18 0.5 0 0.42 0.38 1 1164
0.48 0.58 0.47 0.17 0.5 0 0.53 0.74 1 1473
0.53 0.43 0.57 0.24 0.5 0 0.39 0.28 1 1237
0.44 0.55 0.51 0.16 0.5 0 0.6 0.22 1 1420
0.38 0.49 0.53 0.19 0.5 0 0.5 0.22 1 1042
0.57 0.48 0.54 0.22 0.5 0 0.5 0.11 1 1326
0.52 0.4 0.6 0.12 0.5 0 0.55 0.22 1 1094
0.24 0.25 0.57 0.28 0.5 0 0.51 0.11 1 1470
0.27 0.6 0.48 0.23 0.5 0 0.55 0.22 1 1060
0.61 0.48 0.54 0.25 0.5 0 0.5 0.22 1 1481
0.66 0.45 0.5 0.23 0.5 0 0.49 0.22 1 1078
0.49 0.43 0.48 0.15 0.5 0 0.55 0.25 1 1148
0.48 0.41 0.52 0.33 0.5 0 0.51 0.26 1 1315
0.29 0.32 0.58 0.15 0.5 0 0.5 0.3 1 1066
0.5 0.52 0.51 0.22 0.5 0 0.46 0.37 1 1372
0.45 0.46 0.61 0.2 0.5 0 0.62 0.22 1 1213
0.46 0.35 0.69 0.18 0.5 0 0.3 0.25 1 1272
0.6 0.61 0.54 0.11 0.5 0 0.46 0.22 1 1478
0.61 0.55 0.51 0.26 0.5 0 0.52 0.22 1 1252
0.35 0.39 0.56 0.2 0.5 0 0.49 0.41 1 1303
0.47 0.39 0.55 0.24 0.5 0 0.47 0.22 1 1056
0.45 0.76 0.51 0.25 0.5 0 0.59 0.22 1 1436
0.45 0.27 0.57 0.36 0.5 0 0.52 0.18 1 1100
0.27 0.43 0.5 0.13 0.5 0 0.54 0.31 1 1453
0.48 0.39 0.49 0.18 0.5 0 0.51 0.22 1 1150
0.6 0.4 0.59 0.18 0.5 0 0.48 0.22 1 1143
0.29 0.46 0.54 0.27 0.5 0 0.49 0.22 1 1196
0.51 0.49 0.48 0.55 0.5 0 0.52 0.58 1 1459
0.47 0.5 0.55 0.19 0.5 0 0.62 0.22 1 1206
0.59 0.48 0.5 0.14 0.5 0 0.45 0.25 1 1069
0.42 0.5 0.59 0.17 0.5 0 0.51 0.22 1 1409
0.51 0.51 0.56 0.28 0.5 0 0.54 0.27 1 1242
0.37 0.55 0.52 0.13 0.5 0 0.42 0.8 1 1361
0.24 0.34 0.69 0.18 0.5 0 0.52 0.22 1 1081
0.39 0.45 0.53 0.18 0.5 0 0.54 0.22 1 1107
0.56 0.46 0.51 0.25 0.5 0 0.54 0.22 1 1446
0.42 0.5 0.64 0.13 0.5 0 0.49 0.22 1 1318
0.56 0.41 0.58 0.21 0.5 0 0.42 0.22 1 1096
0.43 0.33 0.54 0.37 0.5 0 0.38 0.16 1 1268
0.44 0.51 0.53 0.3 0.5 0 0.53 0.22 1 1350
0.35 0.47 0.53 0.19 0.5 0 0.48 0.22 1 1248
0.4 0.48 0.5 0.17 0.5 0 0.54 0.5 1 1158
0.47 0.59 0.56 0.09 0.5 0 0.5 0.22 1 1456
0.32 0.47 0.55 0.12 0.5 0 0.52 0.22 1 1115
0.39 0.45 0.51 0.29 0.5 0 0.54 0.22 1 1365
0.34 0.25 0.55 0.28 0.5 0 0.51 0.49 1 1336
0.35 0.21 1 0.8 0.5 0 0.13 0.01 1 1298
0.34 0.34 0.65 0.4 0.5 0 0.32 0.16 1 1295
0.5 0.44 0.57 0.28 0.5 0 0.57 0.22 1 1449
0.46 0.52 0.51 0.13 0.5 0 0.47 0.22 1 1466
0.56 0.48 0.5 0.17 0.5 0 0.51 0.26 1 1238
0.5 0.45 0.52 0.18 0.5 0 0.52 0.22 1 1398
0.61 0.38 0.57 0.36 0.5 0 0.44 0.21 1 1265
0.59 0.46 0.57 0.17 0.5 0 0.52 0.22 1 1441
0.41 0.3 0.49 0.28 0.5 0 0.54 0.22 1 1172
0.37 0.37 0.51 0.38 0.5 0 0.44 0.22 1 1334
0.44 0.39 0.53 0.14 0.5 0 0.54 0.44 1 1071
0.35 0.66 0.49 0.21 0.5 0 0.54 0.25 1 1093
0.66 0.62 0.52 0.17 0.5 0 0.49 0.22 1 1169
0.25 0.48 0.45 0.32 0.5 0 0.4 0.22 1 1392
0.59 0.51 0.47 0.21 0.5 0 0.47 0.22 1 1399
0.42 0.43 0.67 0.7 0.5 0 0.42 0.25 1 1359
0.46 0.44 0.52 0.11 0.5 0 0.5 0.22 1 1025
0.69 0.39 0.52 0.12 0.5 0 0.38 0.35 1 1211
0.45 0.27 0.5 0.33 0.5 0 0.53 0.26 1 1246
0.45 0.52 0.5 0.12 0.5 0 0.6 0.22 1 1259
0.53 0.44 0.51 0.33 0.5 0 0.55 0.22 1 1041
0.57 0.41 0.59 0.24 0.5 0 0.4 0.22 1 1095
0.61 0.52 0.5 0.44 0.5 0 0.53 0.22 1 1404
0.47 0.39 0.5 0.11 0.5 0 0.49 0.4 1 1026
0.46 0.46 0.53 0.23 0.5 0 0.51 0.22 1 1224
0.65 0.54 0.54 0.13 0.5 0 0.53 0.22 1 1484
0.37 0.3 0.62 0.43 0.5 0 0.44 0.39 1 1331
0.46 0.43 0.5 0.24 0.5 0 0.48 0.31 1 1250
0.59 0.55 0.57 0.18 0.5 0 0.51 0.22 1 1354
0.48 0.44 0.46 0.37 0.5 0 0.46 0.36 1 1395
0.52 0.47 0.58 0.18 0.5 0 0.34 0.11 1 1368
0.38 0.51 0.75 0.17 0.5 0 0.55 0.22 1 1099
0.38 0.42 0.5 0.19 0.5 0 0.44 0.22 1 1414
0.42 0.43 0.56 0.1 0.5 0 0.49 0.22 1 1073
0.52 0.43 0.61 0.22 0.5 0 0.45 0.22 1 1311
0.56 0.42 0.52 0.14 0.5 0 0.51 0.22 1 1339
0.34 0.46 0.57 0.09 0.5 0 0.55 0.22 1 1045
0.34 0.54 0.5 0.21 0.5 0 0.54 0.31 1 1065
0.46 0.62 0.54 0.25 0.5 0 0.46 0.22 1 1233
0.3 0.5 0.47 0.11 0.5 0 0.46 0.22 1 1154
0.48 0.39 0.56 0.23 0.5 0 0.6 0.22 1 1455
0.43 0.45 0.54 0.14 0.5 0 0.5 0.31 1 1182
0.41 0.4 0.59 0.47 0.5 0 0.48 0.43 1 1061
0.5 0.45 0.51 0.19 0.5 0 0.53 0.25 1 1370
0.38 0.42 0.5 0.19 0.5 0 0.44 0.22 1 1412
0.72 0.37 0.63 0.38 0.5 0 0.4 0.14 1 1284
0.54 0.43 0.48 0.27 0.5 0 0.44 0.41 1 1431
0.63 0.54 0.53 0.27 0.5 0 0.49 0.22 1 1430
0.5 0.55 0.52 0.16 0.5 0 0.51 0.31 1 1460
0.42 0.25 0.6 0.14 0.5 0 0.45 0.22 1 1178
0.43 0.22 0.79 0.79 0.5 0 0.22 0 1 1297
0.57 0.35 0.5 0.43 0.5 0 0.53 0.22 1 1403
0.41 0.35 0.6 0.22 0.5 0 0.56 0.79 1 1389
0.65 0.63 0.47 0.22 0.5 0 0.52 0.27 1 1461
0.35 0.46 0.49 0.15 1 0 0.55 0.35 1 1117
0.73 0.63 0.42 0.3 0.5 0 0.49 0.22 1 1029
0.41 0.45 0.46 0.23 0.5 0 0.5 0.7 1 1476
0.64 0.44 0.51 0.35 0.5 0 0.53 0.22 1 1258
0.4 0.28 0.58 0.44 0.5 0 0.41 0.22 1 1457
0.38 0.5 0.52 0.44 0.5 0 0.54 0.11 1 1323
0.38 0.48 0.57 0.3 0.5 0 0.41 0.11 1 1477
0.59 0.64 0.44 0.26 0.5 0 0.5 0.22 1 1438
0.38 0.4 0.66 0.35 0.5 0 0.43 0.11 1 1483
0.44 0.49 0.49 0.27 0.5 0 0.52 0.22 1 1424
0.59 0.65 0.52 0.3 0.5 0 0.46 0.31 1 1139
0.52 0.5 0.6 0.2 0.5 0 0.52 0.22 1 1440
0.62 0.58 0.46 0.13 0.5 0 0.53 0.22 1 1116
0.43 0.45 0.53 0.19 0.5 0 0.56 0.22 1 1226
0.41 0.49 0.47 0.09 0.5 0 0.49 0.22 1 1349
0.49 0.47 0.52 0.16 0.5 0 0.53 0.28 1 1149
0.43 0.57 0.53 0.53 0.5 0 0.53 0.25 1 1084
0.6 0.46 0.51 0.1 0.5 0 0.48 0.31 1 1381
0.74 0.53 0.5 0.08 0.5 0 0.55 0.31 1 1153
0.64 0.44 0.56 0.15 0.5 0 0.56 0.22 1 1472
0.48 0.48 0.56 0.18 0.5 0 0.58 0.22 1 1249
0.54 0.5 0.51 0.26 0.5 0 0.52 0.22 1 1363
0.42 0.35 0.54 0.18 0.5 0 0.56 0.22 1 1057
0.44 0.71 0.5 0.21 0.5 0 0.54 0.27 1 1348
0.5 0.5 0.48 0.17 0.5 0 0.47 0.26 1 1134
0.59 0.47 0.51 0.53 0.5 0 0.53 0.26 1 1253
0.48 0.61 0.57 0.17 0.5 0 0.45 0.22 1 1479
0.39 0.45 0.75 0.17 0.5 0 0.51 0.22 1 1429
0.43 0.51 0.6 0.25 0.5 0 0.55 0.22 1 1177
0.59 0.58 0.39 0.52 0.5 0 0.5 0.31 1 1205
0.49 0.44 0.51 0.18 0.5 0 0.52 0.27 1 1208
0.52 0.43 0.61 0.22 0.5 0 0.45 0.22 1 1312
0.38 0.61 0.61 0.12 0.5 0 0.53 0.47 1 1034
0.39 0.58 0.5 0.1 0.5 0 0.51 0.25 1 1219
0.35 0.5 0.44 0.27 0.5 0 0.51 0.22 1 1207
0.51 0.4 0.5 0.28 0.5 0 0.48 0.27 1 1335
0.38 0.47 0.53 0.12 0.5 0 0.48 0.22 1 1144
0.29 0.34 0.55 0.24 0.5 0 0.51 0.22 1 1209
0.57 0.4 0.48 0.24 0.5 0 0.55 0.22 1 1198
0.46 0.54 0.59 0.41 0.5 0 0.53 0.21 1 1320
0.4 0.56 0.53 0.15 0.5 0 0.49 0.22 1 1421
0.36 0.37 0.63 0.25 0.5 0 0.3 0.22 1 1383
0.61 0.54 0.49 0.19 0.5 0 0.54 0.47 1 1171
0.4 0.6 0.5 0.16 0.5 0 0.51 0.22 1 1254
0.48 0.64 0.61 0.23 0.5 0 0.6 0.22 1 1085
0.61 0.5 0.61 0.21 0.5 0 0.55 0.54 1 1371
0.44 0.4 0.53 0.19 0.5 0 0.48 0.27 1 1385
0.4 0.45 0.56 0.2 0.5 0 0.45 0.22 1 1052
0.43 0.33 0.67 0.12 0.5 0 0.45 0.23 1 1289
0.79 0.56 0.53 0.19 0.5 0 0.47 0.35 1 1439
0.51 0.39 0.58 0.19 0.5 0 0.47 0.22 1 1269
0.62 0.58 0.52 0.15 0.5 0 0.52 0.29 1 1133
0.54 0.48 0.44 0.08 0.5 0 0.52 0.27 1 1043
0.4 0.62 0.52 0.31 0.5 0 0.49 0.31 1 1063
0.51 0.43 0.47 0.19 0.5 0 0.52 0.37 1 1184
0.53 0.49 0.47 0.21 0.5 0 0.53 0.22 1 1358
0.47 0.39 0.59 0.15 0.5 0 0.57 0.22 1 1047
0.34 0.46 0.52 0.19 0.5 0 0.53 0.26 1 1346
0.6 0.46 0.51 0.1 0.5 0 0.48 0.31 1 1380
0.69 0.54 0.55 0.23 0.5 0 0.73 0.22 1 1307
0.46 0.35 0.69 0.18 0.5 0 0.3 0.25 1 1271
0.72 0.37 0.63 0.38 0.5 0 0.4 0.14 1 1283
0.42 0.45 0.75 0.21 0.5 0 0.48 0.22 1 1428
0.48 0.42 0.52 0.24 0.5 0 0.56 0.22 1 1048
0.39 0.39 0.65 0.16 0.5 0 0.45 0.22 1 1387
0.57 0.47 0.6 0.18 0.5 0 0.51 0.22 1 1033
0.56 0.35 0.47 0.41 0.5 0 0.5 0.22 1 1300
0.51 0.48 0.46 0.29 0.5 0 0.54 0.22 1 1231
0.55 0.41 0.56 0.21 0.5 0 0.52 0.22 1 1157
0.66 0.55 0.54 0.18 0.5 0 0.43 0.22 1 1256
0.45 0.45 0.51 0.3 0.5 0 0.48 0.44 1 1382
0.58 0.56 0.46 0.14 0.5 0 0.51 0.22 1 1347
0.64 0.59 0.56 0.23 0.5 0 0.46 0.22 1 1038
0.37 0.33 0.5 0.12 0.5 0 0.51 0.54 1 1141
0.41 0.46 0.57 0.25 0.5 0 0.57 0.38 1 1418
0.38 0.49 0.61 0.13 0.5 0 0.54 0.22 1 1161
0.38 0.48 0.59 0.22 0.5 0 0.46 0.22 1 1103
0.31 0.45 0.5 0.17 0.5 0 0.49 0.22 1 1156
0.56 0.55 0.57 0.15 0.5 0 0.54 0.25 1 1360
0.53 0.48 0.51 0.18 0.5 0 0.52 0.27 1 1376
0.51 0.58 0.54 0.29 0.5 0 0.53 0.22 1 1130
0.38 0.34 0.55 0.44 0.5 0 0.48 0.26 1 1393
0.59 0.46 0.48 0.46 0.5 0 0.49 0.22 1 1244
0.48 0.46 0.58 0.16 0.5 0 0.45 0.22 1 1304
0.41 0.49 0.55 0.13 0.5 0 0.55 0.22 1 1390
0.44 0.56 0.52 0.18 0.5 0 0.5 0.11 1 1280
0.6 0.5 0.57 0.25 0.5 0 0.41 0.26 1 1064
0.49 0.45 0.46 0.18 0.5 0 0.49 0.31 1 1216
0.66 0.6 0.52 0.19 0.5 0 0.69 0.22 1 1306
0.62 0.43 0.49 0.29 0.5 0 0.5 0.27 1 1221
0.49 0.46 0.54 0.18 0.5 0 0.35 0.22 1 1426
0.39 0.55 0.48 0.31 0.5 0 0.54 0.29 1 1070
0.59 0.51 0.48 0.12 0.5 0 0.54 0.31 1 1275
0.5 0.48 0.48 0.23 0.5 0 0.53 0.68 1 1338
0.66 0.54 0.53 0.17 0.5 0 0.54 0.22 1 1444
0.53 0.57 0.6 0.36 0.5 0 0.5 0.22 1 1329
0.43 0.44 0.48 0.22 0.5 0 0.51 0.22 1 1028
0.48 0.39 0.51 0.21 0.5 0 0.52 0.28 1 1036
0.56 0.44 0.56 0.19 0.5 0 0.54 0.22 1 1167
0.39 0.47 0.56 0.16 0.5 0 0.47 0.22 1 1067
0.45 0.56 0.54 0.32 0.5 0 0.57 0.22 1 1110
0.55 0.59 0.52 0.1 0.5 0 0.53 0.22 1 1218
0.36 0.46 0.62 0.46 0.5 0 0.51 0.33 1 1051
0.4 0.39 0.6 0.15 0.5 0 0.58 0.3 1 1023
0.5 0.36 0.53 0.41 0.5 0 0.55 0.36 1 1204
0.43 0.33 0.67 0.12 0.5 0 0.43 0.23 1 1290
0.54 0.65 0.49 0.34 0.5 0 0.52 0.22 1 1112
0.49 0.48 0.52 0.24 0.5 0 0.5 0.22 1 1401
0.63 0.56 0.52 0.21 0.5 0 0.5 0.22 1 1464
0.57 0.43 0.52 0.3 0.5 0 0.37 0.11 1 1273
0.63 0.43 0.48 0.11 0.5 0 0.51 0.22 1 1405
0.3 0.33 0.55 0.12 0.5 0 0.53 0.38 1 1357
0.53 0.42 0.53 0.19 0.5 0 0.47 0.22 1 1442
0.35 0.33 0.48 0.42 0.5 0 0.47 0.43 1 1270
0.48 0.5 0.56 0.11 0.5 0 0.33 0.22 1 1247
0.45 0.43 0.51 0.24 0.5 0 0.54 0.33 1 1072
0.28 0.36 0.55 0.15 0.5 0 0.57 0.22 1 1227
0.48 0.34 0.47 0.14 0.5 0 0.47 0.26 1 1163
0.58 0.41 0.51 0.26 0.5 0 0.51 0.37 1 1160
0.54 0.35 0.55 0.19 0.5 0 0.3 0.22 1 1458
0.44 0.42 0.6 0.21 0.5 0 0.57 0.22 1 1091
0.41 0.39 0.51 0.52 0.5 0 0.49 0.22 1 1128
0.54 0.54 0.49 0.14 0.5 0 0.56 0.22 1 1185
0.45 0.42 0.52 0.2 0.5 0 0.5 0.25 1 1135
0.38 0.49 0.54 1 0.5 0 0.5 0.27 1 1180
0.47 0.52 0.5 0.4 0.5 0 0.41 0.22 1 1055
0.38 0.32 0.64 0.41 0.5 0 0.44 0.11 1 1482
0.46 0.33 0.45 0.22 0.5 0 0.41 0.37 1 1310
0.51 0.52 0.58 0.17 0.5 0 0.47 0.28 1 1325
0.46 0.47 0.62 0.3 0.5 0 0.38 0.22 1 1450
0.51 0.53 0.55 0.14 0.5 0 0.51 0.22 1 1102
0.43 0.52 0.53 0.52 1 0 0.49 0.22 1 1179
0.39 0.37 0.56 0.15 0.5 0 0.5 0.27 1 1189
0.34 0.54 0.54 0.13 0.5 0 0.52 0.22 1 1195
0.61 0.48 0.56 0.19 0.5 0 0.53 0.31 1 1279
0.5 0.47 0.56 0.31 0.5 0 0.56 0.26 1 1469
0.35 0.21 1 0.8 0.5 0 0.13 0.01 1 1299
0.28 0.48 0.56 0.16 0.5 0 0.48 0.26 1 1210
0.46 0.39 0.54 0.22 0.5 0 0.48 0.25 1 1317
0.47 0.38 0.58 0.19 0.5 0 0.57 0.22 1 1475
0.4 0.42 0.57 0.35 0.5 0 0.53 0.25 1 1024
0.63 0.62 0.42 0.12 0.5 0 0.52 0.25 1 1120
0.21 0.38 0.49 0.16 0.5 0 0.51 0.45 1 1162
0.41 0.51 0.58 0.15 0.5 0 0.45 0.27 1 1097
0.38 0.51 0.75 0.17 0.5 0 0.55 0.22 1 1098
0.46 0.47 0.46 0.16 0.5 0 0.51 0.22 1 1187
0.57 0.49 0.5 0.2 0.5 0 0.51 0.28 1 1220
0.46 0.53 0.52 0.15 0.5 0 0.58 0.22 1 1031
0.32 0.32 0.52 0.18 0.5 0 0.48 0.34 1 1416
0.4 0.42 0.71 0.21 0.5 0 0.54 0.32 1 1074
0.4 0.45 0.61 0.29 0.5 0 0.44 0.22 1 1293
0.47 0.56 0.58 0.19 0.5 0 0.44 0.64 1 1415
0.49 0.4 0.58 0.23 0.5 0 0.47 0.27 1 1333
0.42 0.46 0.44 0.17 0.5 0 0.51 0.42 1 1454
0.37 0.41 0.45 0.14 0.5 0 0.47 0.22 1 1203
0.45 0.4 0.56 0.14 0.5 0 0.54 0.22 1 1126
0.55 0.57 0.51 0.07 0.5 0 0.55 0.22 1 1367
0.35 0.36 0.57 0.17 0.5 0 0.52 0.22 1 1125
0.25 0.4 0.54 0.16 0.5 0 0.43 0.22 1 1463
0.3 0.56 0.55 0.18 0.5 0 0.5 0.22 1 1058
0.52 0.46 0.51 0.18 0.5 0 0.5 0.22 1 1217
0.56 0.48 0.58 0.27 0.5 0 0.51 0.22 1 1037
0.38 0.5 0.52 0.44 0.5 0 0.54 0.11 1 1324
0.58 0.45 0.48 0.24 0.5 0 0.52 0.37 1 1159
0.48 0.51 0.57 0.24 0.5 0 0.5 0.22 1 1190
0.57 0.36 0.51 0.25 0.5 0 0.54 0.25 1 1435
