0.85 0.56 0.33 0.38 1 0 0.55 0.25 10 3
0.7 0.84 0.49 0.28 1 0 0.58 0.22 10 5
0.78 0.74 0.58 0.25 1 0 0.53 0.22 10 1
0.46 0.37 0.48 0.36 0.5 0 0.48 0.22 9 20
0.74 0.75 0.45 0.44 0.5 0 0.52 0.22 9 25
0.45 0.41 0.5 0.46 0.5 0.5 0.5 0.27 9 6
0.44 0.53 0.52 0.23 0.5 0.83 0.51 0.22 9 9
0.32 0.68 0.51 0.16 0.5 0.83 0.55 0.22 9 21
0.42 0.5 0.53 0.22 0.5 0.83 0.5 0.22 9 14
0.82 0.63 0.47 0.18 0.5 0 0.5 0.22 9 24
0.46 0.48 0.44 0.21 0.5 0 0.55 0.22 9 11
0.44 0.38 0.48 0.32 0.5 0.83 0.53 0.22 9 7
0.5 0.51 0.57 0.27 0.5 0 0.48 0.22 9 19
0.68 0.58 0.51 0.19 0.5 0.83 0.54 0.22 9 13
0.68 0.59 0.44 0.49 0.5 0 0.4 0.26 9 18
0.52 0.5 0.53 0.1 0.5 0 0.48 0.22 9 12
0.69 0.7 0.5 0.3 0.5 0 0.54 0.22 8 38
0.48 0.58 0.58 0.12 0.5 0 0.49 0.22 8 50
0.6 0.37 0.52 0.15 0.5 0 0.55 0.26 8 48
0.8 0.82 0.57 0.26 0.5 0 0.57 0.27 8 33
0.4 0.39 0.33 0.17 0.5 0 0.51 0.31 8 36
0.55 0.44 0.5 0.09 0.5 0 0.55 0.22 8 43
0.36 0.68 0.38 0.08 0.5 0 0.53 0.25 8 29
0.7 0.65 0.54 0.28 0.5 0 0.6 0.4 8 28
0.4 0.36 0.55 0.15 0.5 0 0.53 0.22 8 35
0.75 0.69 0.48 0.13 0.5 0 0.57 0.4 8 37
0.37 0.36 0.56 0.18 0.5 0 0.48 0.26 8 26
0.46 0.49 0.45 0.28 0.5 0 0.55 0.22 8 34
0.42 0.32 0.48 0.16 0.5 0 0.55 0.22 8 30
0.63 0.55 0.53 0.51 0.5 0 0.55 0.22 8 39
0.73 0.59 0.35 0.15 0.5 0 0.54 0.22 8 47
0.68 0.68 0.35 0.16 0.5 0 0.62 0.22 8 45
0.65 0.58 0.53 0.21 0.5 0 0.51 0.22 8 51
0.36 0.51 0.51 0.17 0.5 0 0.52 0.22 8 44
0.4 0.36 0.32 0.16 0.5 0 0.51 0.27 8 54
0.51 0.46 0.49 0.21 0.5 0 0.55 0.22 8 32
0.71 0.64 0.42 0.28 0.5 0 0.43 0.22 7 89
0.89 0.77 0.36 0.34 0.5 0 0.44 0.22 7 67
0.51 0.65 0.53 0.19 0.5 0 0.49 0.22 7 74
0.66 0.65 0.54 0.4 0.5 0 0.51 0.22 7 82
0.81 0.85 0.47 0.37 0.5 0 0.56 0.22 7 58
0.7 0.58 0.53 0.39 0.5 0 0.59 0.22 7 84
0.74 0.82 0.46 0.24 0.5 0 0.5 0.31 7 86
0.77 0.87 0.47 0.37 0.5 0 0.48 0.22 7 64
0.77 0.79 0.58 0.23 0.5 0 0.48 0.22 7 61
0.79 0.74 0.49 0.33 0.5 0 0.48 0.22 7 72
0.83 0.81 0.45 0.38 0.5 0 0.4 0.26 7 85
0.74 0.71 0.52 0.3 0.5 0 0.27 0.22 7 80
0.49 0.39 0.52 0.29 0.5 0 0.48 0.22 7 57
0.41 0.59 0.46 0.19 0.5 0 0.36 0.22 7 73
0.77 0.78 0.51 0.28 0.5 0 0.33 0.22 7 79
0.69 0.7 0.52 0.36 0.5 0 0.46 0.22 7 60
0.81 0.82 0.41 0.36 0.5 0 0.39 0.22 7 65
0.77 0.73 0.49 0.46 0.5 0 0.38 0.22 7 83
0.8 0.63 0.45 0.29 0.5 0 0.51 0.22 7 59
0.74 0.82 0.46 0.24 0.5 0 0.48 0.22 7 87
0.77 0.72 0.48 0.26 0.5 0 0.51 0.22 7 77
0.74 0.72 0.5 0.28 0.5 0 0.49 0.27 7 76
0.68 0.68 0.49 0.15 0.5 0 0.53 0.22 7 69
0.8 0.83 0.43 0.24 0.5 0 0.54 0.22 6 118
0.73 0.83 0.43 0.3 0.5 0 0.55 0.22 6 94
0.69 0.66 0.36 0.09 0.5 0 0.56 0.22 6 121
0.75 0.7 0.38 0.27 0.5 0 0.49 0.22 6 93
0.7 0.73 0.37 0.37 0.5 0 0.48 0.31 6 102
0.72 0.73 0.41 0.28 0.5 0 0.44 0.22 6 130
0.85 0.85 0.3 0.31 0.5 0 0.55 0.42 6 100
0.7 0.73 0.38 0.36 0.5 0 0.54 0.22 6 104
0.77 0.7 0.44 0.29 0.5 0 0.56 0.22 6 116
0.78 0.69 0.44 0.26 0.5 0 0.54 0.22 6 109
0.77 0.68 0.35 0.19 0.5 0 0.53 0.43 6 132
0.85 0.66 0.49 0.18 0.5 0 0.51 0.22 6 111
0.91 0.77 0.34 0.47 0.5 0 0.52 0.31 6 97
0.85 0.85 0.3 0.31 0.5 0 0.55 0.42 6 133
0.77 0.74 0.37 0.29 0.5 0 0.45 0.22 6 134
0.7 0.69 0.43 0.33 0.5 0 0.58 0.22 6 99
0.88 0.72 0.32 0.3 0.5 0 0.52 0.33 6 114
0.85 0.69 0.34 0.31 0.5 0 0.57 0.3 6 113
0.78 0.73 0.27 0.28 0.5 0 0.56 0.22 6 115
0.83 0.94 0.32 0.21 0.5 0 0.51 0.22 6 128
0.84 0.87 0.45 0.54 0.5 0 0.28 0.22 6 105
0.75 0.73 0.35 0.33 0.5 0 0.49 0.28 6 127
0.74 0.89 0.32 0.24 0.5 0 0.54 0.32 6 108
0.74 0.73 0.32 0.2 0.5 0 0.55 0.22 6 126
0.8 0.73 0.47 0.19 0.5 0 0.49 0.22 6 131
0.76 0.76 0.35 0.27 0.5 0 0.44 0.22 6 106
0.92 0.66 0.52 0.23 0.5 0 0.53 0.22 6 129
1 0.8 0.29 0.36 0.5 0 0.52 0.22 6 120
0.77 0.78 0.27 0.37 0.5 0 0.49 0.22 6 122
0.94 0.6 0.33 0.49 0.5 0 0.54 0.22 5 156
0.7 0.57 0.34 0.19 0.5 0 0.53 0.27 5 176
0.69 0.57 0.39 0.19 0.5 0 0.48 0.39 5 181
0.68 0.5 0.43 0.27 0.5 0 0.61 0.22 5 150
0.58 0.76 0.4 0.37 0.5 0 0.54 0.3 5 155
0.81 0.9 0.39 0.41 0.5 0 0.53 0.22 5 147
0.91 0.69 0.57 0.45 0.5 0 0.56 0.22 5 148
0.77 0.6 0.42 0.33 0.5 0 0.57 0.22 5 153
0.83 0.58 0.33 0.04 0.5 0 0.53 0.22 5 141
0.76 0.67 0.37 0.22 0.5 0 0.54 0.22 5 167
0.39 0.71 0.38 0.14 0.5 0 0.5 0.22 5 174
0.83 0.53 0.52 0.2 0.5 0 0.48 0.25 5 157
0.76 0.74 0.56 0.34 0.5 0 0.51 0.3 5 154
0.8 0.69 0.53 0.33 0.5 0 0.51 0.22 5 177
0.34 0.38 0.45 0.19 0.5 0 0.51 0.22 5 145
0.81 0.62 0.43 0.17 0.5 0 0.53 0.22 5 184
0.57 0.59 0.44 0.16 0.5 0 0.52 0.22 5 143
0.55 0.52 0.44 0.2 0.5 0 0.56 0.22 5 171
0.69 0.61 0.38 0.27 0.5 0 0.52 0.22 5 139
0.66 0.66 0.32 0.54 0.5 0 0.51 0.22 5 161
0.37 0.42 0.46 0.15 0.5 0 0.51 0.31 5 175
0.83 0.57 0.42 0.57 0.5 0 0.5 0.32 5 165
0.86 0.74 0.51 0.4 0.5 0 0.55 0.22 5 136
0.63 0.71 0.44 0.53 0.5 0 0.52 0.22 5 183
0.74 0.56 0.35 0.36 0.5 0 0.51 0.25 5 162
0.81 0.55 0.35 0.34 0.5 0 0.51 0.22 5 170
0.89 0.82 0.6 0.49 0.5 0 0.55 0.22 5 152
0.86 0.78 0.34 0.15 0.5 0 0.53 0.22 5 182
0.97 0.71 0.29 0.42 0.5 0 0.35 0.22 5 169
0.46 0.47 0.44 0.18 1 0 0.46 0.22 5 172
0.79 0.57 0.41 0.28 0.5 0 0.59 0.22 5 137
0.95 0.71 0.27 0.39 0.5 0 0.31 0.22 5 168
0.54 0.42 0.41 0.16 0.5 0 0.52 0.22 5 140
0.69 0.48 0.38 0.15 0.5 0 0.55 0.22 5 149
0.42 0.52 0.4 0.17 0.5 0 0.5 0.26 4 218
0.37 0.4 0.38 0.18 0.5 0 0.51 0.22 4 289
0.43 0.48 0.36 0.26 0.5 0 0.52 0.22 4 306
0.49 0.41 0.32 0.21 0.5 0 0.5 0.32 4 240
0.39 0.42 0.38 0.4 0.5 0 0.49 0.47 4 200
0.48 0.43 0.45 0.17 0.5 0 0.48 0.37 4 247
0.44 0.51 0.37 0.15 0.5 0 0.51 0.22 4 221
0.5 0.47 0.45 0.14 0.5 0 0.53 0.32 4 308
0.31 0.51 0.38 0.18 0.5 0 0.46 0.31 4 302
0.47 0.6 0.35 0.21 0.5 0 0.52 0.22 4 256
0.39 0.63 0.41 0.27 0.5 0 0.49 0.22 4 310
0.65 0.66 0.37 0.12 0.5 0 0.52 0.27 4 280
0.37 0.55 0.29 0.32 0.5 0 0.51 0.22 4 249
0.39 0.37 0.33 0.23 0.5 0 0.53 0.26 4 253
0.39 0.46 0.33 0.18 0.5 0 0.53 0.22 4 276
0.39 0.37 0.33 0.23 0.5 0 0.52 0.26 4 254
0.54 0.44 0.38 0.22 0.5 0 0.54 0.3 4 316
0.28 0.58 0.21 0.13 0.5 0 0.51 0.22 4 189
0.39 0.49 0.3 0.19 0.5 0 0.52 0.31 4 268
0.52 0.65 0.36 0.26 0.5 0 0.44 0.22 4 331
0.51 0.46 0.41 0.36 0.5 0 0.49 0.22 4 342
0.52 0.75 0.37 0.14 0.5 0 0.46 0.22 4 209
0.42 0.51 0.39 0.22 0.5 0 0.49 0.26 4 250
0.49 0.4 0.34 0.26 0.5 0 0.5 0.22 4 231
0.47 0.61 0.5 0.23 0.5 0 0.49 0.22 4 264
0.55 0.39 0.39 0.47 0.5 0 0.5 0.83 4 304
0.44 0.59 0.36 0.16 0.5 0 0.52 0.22 4 194
0.49 0.46 0.34 0.21 0.5 0 0.55 0.22 4 222
0.42 0.71 0.45 0.15 0.5 0 0.48 0.22 4 332
0.47 0.54 0.37 0.14 0.5 0 0.5 0.22 4 202
0.36 0.58 0.35 0.24 0.5 0 0.44 0.22 4 192
0.38 0.5 0.37 0.26 0.5 0 0.43 0.22 4 191
0.25 0.35 0.22 0.18 0.5 0 0.46 0.22 4 288
0.39 0.33 0.33 0.23 0.5 0 0.47 0.22 4 338
0.34 0.42 0.3 0.23 0.5 0 0.53 0.22 4 205
0.46 0.14 0.36 0.21 0.5 0 0.5 0.25 4 252
0.45 0.5 0.43 0.16 0.5 0 0.52 0.28 4 315
0.42 0.44 0.33 0.17 0.5 0 0.54 0.27 4 237
0.41 0.54 0.39 0.2 0.5 0 0.51 0.22 4 186
0.58 0.53 0.38 0.18 0.5 0 0.52 0.22 4 212
0.36 0.43 0.39 0.12 0.5 0 0.49 0.22 4 193
0.49 0.55 0.35 0.23 0.5 0 0.57 0.22 4 344
0.46 0.59 0.38 0.12 0.5 0 0.5 0.22 4 319
0.43 0.45 0.37 0.12 0.5 0 0.48 0.22 4 234
0.4 0.45 0.42 0.17 0.5 0 0.54 0.26 4 239
0.51 0.55 0.35 0.16 0.5 0 0.51 0.47 4 206
0.3 0.68 0.41 0.17 0.5 0 0.51 0.22 4 323
0.63 0.65 0.42 0.18 0.5 0 0.54 0.27 4 335
0.36 0.37 0.33 0.14 0.5 0 0.57 0.31 4 203
0.42 0.28 0.33 0.23 0.5 0 0.39 0.26 4 282
0.48 0.49 0.45 0.23 0.5 0 0.51 0.22 4 258
0.52 0.65 0.36 0.37 0.5 0 0.52 0.34 4 285
0.57 0.5 0.4 0.08 0.5 0 0.47 0.22 4 275
0.38 0.45 0.37 0.19 0.5 0 0.52 0.3 4 262
0.52 0.55 0.39 0.09 1 0 0.55 0.25 4 281
0.55 0.72 0.35 0.26 0.5 0 0.49 0.22 4 278
0.49 0.6 0.3 0.34 0.5 0 0.5 0.43 4 265
0.29 0.26 0.43 0.17 0.5 0 0.55 0.3 4 341
0.34 0.4 0.3 0.23 0.5 0 0.51 0.22 4 232
0.39 0.44 0.35 0.16 0.5 0 0.55 0.22 4 190
0.45 0.66 0.39 0.11 0.5 0 0.54 0.22 4 274
0.5 0.63 0.45 0.13 0.5 0 0.45 0.32 4 339
0.45 0.57 0.38 0.28 0.5 0 0.53 0.31 4 290
0.33 0.49 0.46 0.22 0.5 0 0.53 0.33 4 312
0.51 0.51 0.32 0.27 0.5 0 0.54 0.22 4 277
0.59 0.48 0.41 0.53 0.5 0 0.48 0.56 4 305
0.63 0.61 0.41 0.22 0.5 0 0.51 0.22 4 211
0.55 0.46 0.47 0.15 0.5 0 0.47 0.22 4 291
0.31 0.4 0.31 0.17 0.5 0 0.52 0.22 4 303
0.28 0.48 0.36 0.16 0.5 0 0.53 0.22 4 330
0.49 0.31 0.34 0.13 0.5 0 0.52 0.22 4 223
0.32 0.36 0.34 0.19 0.5 0 0.55 0.26 4 243
0.6 0.68 0.3 0.27 0.5 0 0.55 0.22 4 345
0.42 0.24 0.34 0.16 0.5 0 0.5 0.22 4 187
0.5 0.46 0.42 0.32 0.5 0 0.56 0.55 4 242
0.54 0.44 0.35 0.19 0.5 0 0.51 0.27 4 279
0.32 0.29 0.29 0.08 0.5 0 0.52 0.22 4 348
0.43 0.6 0.4 0.12 0.5 0 0.49 0.29 4 320
0.35 0.45 0.43 0.11 0.5 0 0.56 0.22 4 197
0.61 0.76 0.3 0.16 0.5 0 0.45 0.41 4 336
0.49 0.53 0.36 0.15 0.5 0 0.52 0.27 4 309
0.26 0.3 0.37 0.15 0.5 0 0.53 0.25 4 314
0.47 0.61 0.32 0.27 0.5 0 0.5 0.3 4 322
0.49 0.31 0.43 0.24 0.5 0 0.54 0.22 4 294
0.46 0.35 0.33 0.17 0.5 0 0.55 0.22 4 215
0.53 0.68 0.34 0.42 0.5 0 0.54 0.27 4 227
0.47 0.43 0.35 0.32 0.5 0 0.54 0.22 4 246
0.52 0.46 0.34 0.2 0.5 0 0.51 0.25 4 346
0.32 0.36 0.28 0.38 0.5 0 0.5 0.4 4 296
0.38 0.56 0.38 0.16 0.5 0 0.53 0.22 4 334
0.41 0.48 0.38 0.13 0.5 0 0.51 0.35 4 260
0.27 0.41 0.24 0.2 0.5 0 0.49 0.22 4 287
0.54 0.55 0.34 0.31 0.5 0 0.54 0.22 4 195
0.36 0.46 0.43 0.19 0.5 0 0.48 0.22 4 213
0.54 0.55 0.42 0.22 0.5 0 0.48 0.22 4 216
0.3 0.5 0.34 0.26 0.5 0 0.51 0.22 4 230
0.45 0.57 0.3 0.17 0.5 0 0.51 0.22 4 236
0.47 0.41 0.46 0.18 0.5 0 0.53 0.22 4 313
0.36 0.33 0.38 0.15 0.5 0 0.55 0.36 4 272
0.38 0.42 0.31 0.35 0.5 0 0.52 0.22 4 283
0.39 0.81 0.35 0.28 0.5 0 0.51 0.45 4 261
0.55 0.35 0.36 0.29 0.5 0 0.51 0.22 4 324
0.4 0.43 0.36 0.33 0.5 0 0.51 0.22 4 286
0.43 0.44 0.3 0.18 0.5 0 0.51 0.22 4 233
0.22 0.53 0.36 0.22 0.5 0 0.54 0.31 4 317
0.48 0.46 0.38 0.29 0.5 0 0.53 0.22 4 225
0.53 0.51 0.36 0.13 0.5 0 0.52 0.22 4 259
0.43 0.41 0.37 0.18 0.5 0 0.54 0.31 4 318
0.26 0.44 0.3 0.11 0.5 0 0.51 0.47 4 201
0.66 0.52 0.52 0.44 0.5 0 0.56 0.27 3 462
0.47 0.54 0.53 0.77 0.5 0 0.52 0.36 3 541
0.51 0.39 0.56 0.55 0.5 0 0.46 0.64 3 577
0.6 0.51 0.6 0.38 0.5 0.83 0.52 0.24 3 478
0.45 0.53 0.51 0.42 0.5 0 0.52 0.22 3 545
0.43 0.67 0.48 0.27 0.5 0 0.53 0.22 3 350
0.72 0.62 0.34 0.29 0.5 0 0.56 0.28 3 399
0.6 0.54 0.54 0.53 0.5 0 0.52 0.27 3 527
0.55 0.5 0.6 0.31 0.5 0 0.46 0.27 3 494
0.59 0.53 0.43 0.44 0.5 0 0.5 0.22 3 361
0.6 0.46 0.59 0.16 0.5 0 0.49 0.22 3 490
0.52 0.62 0.54 0.19 0.5 0 0.5 0.22 3 448
0.51 0.51 0.52 0.51 0.5 0 0.54 0.22 3 357
0.45 0.59 0.53 0.74 0.5 0 0.47 0.25 3 436
0.52 0.56 0.54 0.53 0.5 0 0.45 0.22 3 397
0.52 0.54 0.47 0.49 0.5 0 0.54 0.22 3 559
0.53 0.45 0.52 0.29 0.5 0 0.55 0.38 3 574
0.56 0.71 0.47 0.21 0.5 0 0.52 0.22 3 581
0.36 0.38 0.56 0.44 0.5 0 0.48 0.22 3 491
0.43 0.32 0.5 0.29 0.5 0 0.5 0.22 3 504
0.58 0.52 0.61 0.33 0.5 0 0.38 0.11 3 485
0.45 0.43 0.5 0.25 0.5 0 0.47 0.22 3 554
0.58 0.58 0.58 0.49 0.5 0 0.49 0.26 3 398
0.55 0.38 0.64 0.42 0.5 0 0.47 0.22 3 553
0.35 0.52 0.48 0.22 0.5 0 0.26 0.22 3 384
0.53 0.56 0.49 0.46 0.5 0 0.52 0.22 3 431
0.26 0.28 0.6 0.2 0.5 0 0.54 0.31 3 535
0.35 0.49 0.47 0.22 0.5 0 0.5 0.28 3 439
0.54 0.47 0.58 0.4 0.5 0 0.46 0.27 3 569
0.63 0.56 0.45 0.58 0.5 0 0.51 0.22 3 396
0.51 0.45 0.62 0.25 0.5 0 0.59 0.22 3 592
0.36 0.4 0.53 0.48 0.5 0 0.48 0.22 3 471
0.28 0.18 0.72 0.26 0.5 0 0.49 0.25 3 572
0.75 0.6 0.43 0.35 0.5 0 0.45 0.27 3 532
0.39 1 0.38 0.41 0.5 0 0.5 0.27 3 558
0.55 0.53 0.55 0.46 0.5 0 0.52 0.22 3 387
0.69 0.5 0.49 0.42 0.5 0 0.49 0.22 3 424
0.68 0.5 0.55 0.65 0.5 0 0.46 0.31 3 449
0.78 0.75 0.4 0.28 0.5 0 0.53 0.22 3 380
0.61 0.72 0.31 0.33 0.5 0 0.56 0.22 3 394
0.52 0.77 0.38 0.34 0.5 0 0.51 0.22 3 407
0.58 0.55 0.52 0.22 0.5 0 0.44 0.22 3 441
0.41 0.41 0.51 0.19 0.5 0 0.57 0.22 3 454
0.49 0.6 0.43 0.56 0.5 0 0.36 0.22 3 409
0.5 0.58 0.46 0.46 0.5 0 0.46 0.22 3 374
0.42 0.53 0.53 0.64 0.5 0 0.47 0.22 3 476
0.45 0.58 0.48 0.67 0.5 0 0.52 0.22 3 363
0.42 0.65 0.58 0.34 0.5 0 0.5 0.22 3 542
0.45 0.55 0.54 0.66 0.5 0 0.47 0.22 3 366
0.47 0.47 0.57 0.48 0.5 0 0.48 0.22 3 383
0.4 0.74 0.49 0.16 0.5 0 0.51 0.22 3 502
0.43 0.57 0.51 0.49 0.5 0 0.48 0.22 3 372
0.47 0.46 0.59 0.49 0.5 0 0.56 0.22 3 415
0.55 0.5 0.66 0.36 0.5 0 0.49 0.22 3 354
0.59 0.45 0.58 0.21 0.5 0 0.49 0.22 3 536
0.44 0.44 0.67 0.35 0.5 0 0.48 0.26 3 484
0.63 0.57 0.59 0.4 0.5 0 0.38 0.22 3 371
0.6 0.62 0.54 0.4 0.5 0 0.5 0.22 3 470
0.46 0.41 0.5 0.44 0.5 0 0.53 0.22 3 443
0.6 0.5 0.44 0.61 0.5 0 0.47 0.22 3 365
0.46 0.44 0.53 0.31 0.5 0 0.48 0.22 3 509
0.45 0.45 0.5 0.6 0.5 0 0.49 0.22 3 381
0.54 0.51 0.54 0.52 0.5 0 0.47 0.25 3 444
0.53 0.5 0.54 0.56 0.5 0 0.49 0.41 3 445
0.5 0.54 0.53 0.54 0.5 0 0.51 0.27 3 370
0.63 0.67 0.57 0.24 0.5 0 0.49 0.22 3 358
0.64 0.64 0.56 0.21 0.5 0 0.5 0.22 3 488
0.53 0.53 0.6 0.13 0.5 0 0.49 0.22 3 419
0.59 0.56 0.5 0.48 0.5 0 0.46 0.22 3 579
0.54 0.52 0.63 0.37 0.5 0 0.46 0.22 3 376
0.56 0.65 0.49 0.56 0.5 0 0.49 0.22 3 560
0.63 0.47 0.56 0.12 0.5 0 0.5 0.22 3 512
0.45 0.38 0.64 0.14 0.5 0 0.54 0.22 3 479
0.66 0.37 0.6 0.25 0.5 0 0.69 0.22 3 576
0.66 0.55 0.45 0.19 0.5 0 0.46 0.22 3 356
0.58 0.62 0.54 0.17 0.5 0 0.48 0.22 3 390
0.53 0.51 0.55 0.57 0.5 0 0.46 0.22 3 561
0.61 0.59 0.47 0.49 0.5 0 0.54 0.22 3 511
0.59 0.61 0.34 0.22 0.5 0 0.51 0.22 3 406
0.55 0.49 0.5 0.46 0.5 0 0.52 0.25 3 434
0.47 0.56 0.46 0.5 0.5 0 0.51 0.22 3 557
0.6 0.59 0.45 0.23 0.5 0 0.55 0.22 3 465
0.46 0.54 0.71 0.15 0.5 0 0.59 0.22 3 417
0.54 0.64 0.4 0.56 0.5 0 0.51 0.22 3 562
0.58 0.57 0.54 0.69 0.5 0 0.54 0.22 3 510
0.75 0.67 0.51 0.29 0.5 0 0.52 0.36 3 521
0.41 0.49 0.58 0.22 0.5 0 0.52 0.22 3 525
0.49 0.46 0.45 0.45 0.5 0 0.52 0.22 3 404
0.55 0.53 0.56 0.29 0.5 0 0.48 0.22 3 427
0.45 0.43 0.63 0.4 0.5 0 0.59 0.11 3 483
0.52 0.51 0.51 0.54 0.5 0 0.55 0.27 3 395
0.41 0.52 0.53 0.41 0.5 0 0.39 0.33 3 482
0.38 0.68 0.44 0.45 0.5 0 0.53 0.22 3 393
0.67 0.62 0.54 0.43 0.5 0 0.53 0.22 3 388
0.37 0.51 0.57 0.4 0.5 0 0.48 0.27 3 519
0.48 0.47 0.54 0.55 0.5 0 0.51 0.65 3 464
0.47 0.41 0.66 0.26 0.5 0 0.53 0.22 3 385
0.46 0.43 0.38 0.33 0.5 0 0.48 0.28 3 401
0.49 0.45 0.54 0.4 0.5 0 0.55 0.22 3 547
0.49 0.48 0.46 0.63 0.5 0 0.52 0.22 3 460
0.4 0.56 0.48 0.14 0.5 0 0.47 0.22 3 418
0.42 0.57 0.72 0.22 0.5 0 0.57 0.22 3 420
0.67 0.68 0.46 0.29 0.5 0 0.46 0.22 3 414
0.67 0.51 0.54 0.21 0.5 0 0.43 0.3 3 467
0.45 0.53 0.47 0.43 0.5 0 0.5 0.27 3 531
0.56 0.5 0.61 0.49 0.5 0 0.46 0.28 3 489
0.37 0.58 0.44 0.51 0.5 0 0.44 0.22 3 412
0.67 0.62 0.4 0.43 0.5 0.83 0.5 0.22 3 377
0.6 0.4 0.52 0.46 0.5 0 0.53 0.22 3 355
0.5 0.62 0.52 0.3 0.5 0 0.56 0.22 3 546
0.47 0.45 0.53 0.62 0.5 0 0.46 0.22 3 426
0.57 0.6 0.54 0.17 0.5 0 0.52 0.22 3 549
0.45 0.56 0.51 0.64 0.5 0 0.54 0.22 3 428
0.5 0.46 0.64 0.36 0.5 0 0.49 0.22 3 477
0.48 0.57 0.52 0.61 0.5 0 0.51 0.22 3 447
0.65 0.53 0.55 0.52 0.5 0 0.47 0.27 3 496
0.55 0.59 0.47 0.64 0.5 0 0.54 0.33 3 500
0.46 0.38 0.47 0.22 0.5 0 0.52 0.27 3 378
0.5 0.52 0.6 0.51 0.5 0 0.48 0.22 3 408
0.59 0.61 0.51 0.62 0.5 0 0.51 0.38 3 540
0.27 0.39 0.66 0.11 0.5 0 0.44 0.22 3 422
0.53 0.52 0.61 0.35 0.5 0 0.5 0.22 3 492
0.61 0.46 0.51 0.37 0.5 0 0.51 0.22 3 499
0.38 0.31 0.59 0.19 0.5 0 0.46 0.22 3 550
0.46 0.49 0.58 0.23 0.5 0 0.44 0.22 3 367
0.52 0.64 0.34 0.16 0.5 0 0.57 0.22 3 523
0.59 0.57 0.43 0.26 0.5 0 0.51 0.22 3 469
0.41 0.47 0.58 0.62 0.5 0 0.5 0.22 3 514
0.49 0.44 0.45 0.55 0.5 0 0.48 0.22 3 505
0.48 0.45 0.55 0.5 0.5 0 0.53 0.22 3 373
0.47 0.63 0.66 0.45 0.5 0 0.37 0.11 3 440
0.51 0.42 0.56 0.38 0.5 0 0.46 0.22 3 472
0.57 0.61 0.55 0.67 0.5 0 0.48 0.22 3 437
0.57 0.59 0.5 0.58 0.5 0 0.53 0.22 3 425
0.49 0.42 0.56 0.55 0.5 0 0.42 0.25 3 368
0.5 0.41 0.44 0.5 0.5 0 0.42 0.22 3 410
0.41 0.41 0.43 0.61 0.5 0 0.53 0.22 3 552
0.51 0.5 0.49 0.45 0.5 0 0.48 0.22 3 570
0.57 0.61 0.55 0.27 0.5 0 0.44 0.21 3 486
0.47 0.56 0.53 0.44 0.5 0 0.53 0.22 3 566
0.5 0.57 0.62 0.25 0.5 0 0.51 0.22 3 539
0.53 0.61 0.51 0.49 0.5 0 0.54 0.27 3 520
0.63 0.6 0.5 0.27 0.5 0 0.55 0.22 3 508
0.53 0.44 0.51 0.33 0.5 0 0.52 0.22 3 416
0.64 0.62 0.29 0.28 0.5 0 0.51 0.22 3 386
0.63 0.57 0.5 0.48 0.5 0 0.51 0.22 3 591
0.5 0.32 0.49 0.49 0.5 0 0.48 0.32 3 530
0.57 0.51 0.34 0.13 0.5 0 0.53 0.27 3 567
0.45 0.48 0.63 0.67 0.5 0 0.48 0.22 3 461
0.47 0.53 0.48 0.51 0.5 0 0.54 0.22 3 555
0.51 0.54 0.6 0.57 0.5 0 0.58 0.22 3 375
0.45 0.73 0.47 0.65 0.5 0 0.54 0.43 3 466
0.46 0.62 0.46 0.54 0.5 0 0.51 0.27 3 587
0.51 0.51 0.43 0.87 0.5 0 0.52 0.22 3 359
0.59 0.58 0.47 0.61 0.5 0 0.44 0.3 3 538
0.61 0.72 0.39 0.33 0.5 0 0.58 0.22 3 379
0.59 0.6 0.49 0.43 0.5 0 0.53 0.31 3 389
0.44 0.68 0.45 0.51 0.5 0 0.52 0.41 3 421
0.38 0.54 0.54 0.41 0.5 0 0.51 0.22 3 497
0.44 0.53 0.53 0.37 0.5 0 0.51 0.22 3 515
0.47 0.54 0.54 0.48 0.5 0 0.53 0.26 3 452
0.45 0.58 0.59 0.44 0.5 0 0.56 0.22 3 529
0.46 0.61 0.55 0.29 0.5 0 0.49 0.22 3 580
0.42 0.32 0.5 0.21 0.5 0 0.51 0.22 2 649
0.32 0.49 0.53 0.28 0.5 0 0.5 0.5 2 856
0.5 0.36 0.64 0.37 0.5 0 0.37 0.33 2 870
0.34 0.48 0.47 0.19 0.5 0 0.5 0.3 2 878
0.49 0.49 0.51 0.29 0.5 0 0.52 0.71 2 846
0.45 0.48 0.56 0.56 0.5 0 0.47 0.22 2 811
0.35 0.58 0.54 0.16 0.5 0 0.51 0.22 2 617
0.58 0.46 0.46 0.34 0.5 0 0.5 0.43 2 745
0.47 0.45 0.51 0.33 0.5 0 0.46 0.26 2 869
0.53 0.46 0.54 0.37 0.5 0 0.51 0.3 2 850
0.62 0.64 0.56 0.2 0.5 0 0.48 0.33 2 726
0.88 0.59 0.54 0.39 0.5 0 0.41 0.3 2 780
0.53 0.53 0.53 0.17 0.5 0 0.49 0.37 2 701
0.53 0.61 0.52 0.21 0.5 0 0.55 0.3 2 657
0.36 0.68 0.46 0.16 0.5 0 0.53 0.28 2 628
0.49 0.6 0.42 0.18 0.5 0 0.58 0.28 2 947
0.4 0.4 0.44 0.37 0.5 0 0.53 0.25 2 1005
0.3 0.55 0.58 0.16 0.5 0 0.61 0.28 2 774
0.56 0.49 0.47 0.13 0.5 0 0.52 0.22 2 992
0.47 0.44 0.53 0.18 0.5 0 0.47 0.29 2 905
0.48 0.54 0.53 0.6 0.5 0 0.53 0.31 2 761
0.47 0.56 0.51 0.2 0.5 0 0.52 0.59 2 918
0.41 0.48 0.54 0.24 0.5 0 0.37 0.51 2 792
0.41 0.52 0.51 0.22 0.5 0 0.52 0.44 2 847
0.29 0.4 0.41 0.48 0.5 0 0.53 0.3 2 827
0.55 0.4 0.62 0.22 0.5 0 0.37 0.28 2 923
0.46 0.32 0.58 0.17 0.5 0 0.61 0.25 2 727
0.38 0.44 0.55 0.44 0.5 0 0.47 0.51 2 880
0.31 0.5 0.54 0.32 0.5 0 0.53 0.31 2 952
0.39 0.39 0.55 0.52 0.5 0 0.37 0.16 2 694
0.4 0.45 0.45 0.15 0.5 0 0.53 0.48 2 995
0.49 0.67 0.5 0.28 0.5 0 0.43 0.22 2 852
0.39 0.16 0.59 0.08 0.5 0 0.51 0.27 2 830
0.47 0.47 0.5 0.19 0.5 0 0.51 0.26 2 964
0.57 0.59 0.49 0.86 0.5 0 0.47 0.22 2 1014
0.51 0.48 0.58 0.22 0.5 0 0.5 0.28 2 700
0.27 0.31 0.55 0.13 0.5 0 0.5 0.22 2 882
0.48 0.57 0.5 0.09 0.5 0 0.52 0.42 2 695
0.42 0.32 0.61 0.13 0.5 0 0.14 0.27 2 713
0.44 0.41 0.44 0.13 0.5 0 0.49 0.42 2 722
0.64 0.56 0.52 0.17 0.5 0 0.54 0.47 2 994
0.4 0.44 0.49 0.47 0.5 0 0.49 0.27 2 612
0.57 0.42 0.63 0.22 0.5 0 0.68 0.32 2 889
0.19 0.66 0.6 0.14 0.5 0 0.2 0.25 2 956
0.57 0.49 0.61 0.26 0.5 0 0.52 0.22 2 876
0.56 0.52 0.48 0.17 0.5 0 0.46 0.22 2 638
0.33 0.44 0.49 0.08 0.5 0 0.48 0.49 2 664
0.58 0.48 0.51 0.47 0.5 0 0.55 0.22 2 620
0.17 0.38 0.45 0.09 0.5 0 0.54 0.27 2 676
0.5 0.45 0.53 0.21 0.5 0 0.28 0.22 2 808
0.56 0.61 0.52 0.19 0.5 0 0.52 0.32 2 896
0.29 0.4 0.5 0.16 0.5 0 0.51 0.34 2 893
0.33 0.47 0.55 0.24 0.5 0 0.45 0.67 2 921
0.33 0.39 0.52 0.09 0.5 0 0.47 0.28 2 813
0.57 0.37 0.43 0.27 0.5 0 0.53 0.28 2 875
0.54 0.57 0.55 0.18 0.5 0 0.5 0.22 2 879
0.44 0.44 0.49 0.15 0.5 0 0.46 0.27 2 668
0.56 0.59 0.53 0.16 0.5 0 0.24 0.42 2 667
0.59 0.58 0.56 0.21 0.5 0 0.54 0.33 2 644
0.44 0.5 0.55 0.24 0.5 0 0.48 0.22 2 884
0.36 0.49 0.55 0.21 0.5 0 0.55 0.33 2 892
0.46 0.56 0.56 0.25 0.5 0 0.43 0.22 2 915
0.41 0.6 0.53 0.29 0.5 0 0.47 0.43 2 683
0.36 0.39 0.55 0.26 0.5 0 0.49 0.22 2 758
0.37 0.47 0.49 0.12 0.5 0 0.47 0.31 2 913
0.25 0.36 0.58 0.3 0.5 0 0.58 0.31 2 782
0.36 0.48 0.61 0.26 0.5 0 0.5 0.16 2 1012
0.47 0.43 0.61 0.4 0.5 0 0.48 0.47 2 1020
0.41 0.45 0.53 0.17 0.5 0 0.51 0.25 2 642
0.63 0.58 0.57 0.1 0.5 0 0.52 0.33 2 973
0.54 0.45 0.62 0.13 0.5 0 0.52 0.26 2 710
0.45 0.21 0.49 0.24 0.5 0 0.46 0.31 2 771
0.4 0.44 0.47 0.25 0.5 0 0.54 0.56 2 1001
0.34 0.36 0.54 0.11 0.5 0 0.36 0.21 2 641
0.33 0.38 0.45 0.19 0.5 0 0.54 0.37 2 788
0.51 0.34 0.5 0.19 0.5 0 0.5 0.22 2 625
0.51 0.34 0.49 0.16 0.5 0 0.53 0.21 2 776
0.23 0.34 0.41 0.28 0.5 0 0.5 0.27 2 715
0.44 0.53 0.52 0.37 0.5 0 0.5 0.22 2 706
0.47 0.47 0.54 0.19 0.5 0 0.51 0.33 2 860
0.34 0.35 0.58 0.2 0.5 0 0.46 0.32 2 821
0.56 0.45 0.59 0.14 0.5 0 0.51 0.26 2 711
0.45 0.41 0.58 0.48 0.5 0 0.53 0.64 2 778
0.56 0.51 0.32 0.49 0.5 0 0.48 0.22 2 867
0.43 0.51 0.54 0.15 0.5 0 0.45 0.26 2 677
0.32 0.34 0.61 0.17 0.5 0 0.52 0.32 2 708
0.66 0.54 0.49 0.16 0.5 0 0.54 0.36 2 744
0.49 0.38 0.49 0.15 0.5 0 0.53 0.25 2 984
0.51 0.56 0.62 0.24 0.5 0 0.52 0.51 2 752
0.56 0.57 0.63 0.39 1 0 0.59 0.4 2 687
0.37 0.32 0.47 0.18 0.5 0 0.45 0.25 2 604
0.4 0.75 0.44 0.12 0.5 0 0.49 0.22 2 919
0.42 0.51 0.5 0.12 0.5 0 0.52 0.46 2 632
0.56 0.59 0.54 0.18 0.5 0 0.48 0.46 2 812
0.53 0.31 0.58 0.39 0.5 0 0.47 0.37 2 602
0.58 0.47 0.54 0.11 0.5 0 0.51 0.26 2 597
0.5 0.43 0.5 0.17 0.5 0 0.46 0.47 2 942
0.5 0.5 0.48 0.34 0.5 0 0.52 0.27 2 985
0.48 0.5 0.47 0.29 0.5 0 0.46 0.27 2 902
0.47 0.5 0.47 0.22 0.5 0 0.53 0.45 2 911
0.42 0.28 0.57 0.18 0.5 0 0.42 0.22 2 757
0.37 0.45 0.53 0.14 0.5 0 0.49 0.22 2 890
0.55 0.38 0.52 0.16 0.5 0 0.49 0.64 2 965
0.41 0.46 0.59 0.19 0.5 0 0.58 0.27 2 606
0.41 0.46 0.58 0.08 0.5 0 0.51 0.28 2 899
0.73 0.52 0.59 0.25 0.5 0 0.51 0.22 2 941
0.54 0.67 0.56 0.15 0.5 0 0.57 0.33 2 974
0.33 0.21 0.53 0.15 1 0 0.52 0.5 2 822
0.39 0.42 0.49 0.1 0.5 0 0.49 0.65 2 785
0.47 0.47 0.5 0.15 0.5 0 0.5 0.48 2 775
0.25 0.39 0.5 0.23 0.5 0 0.5 0.28 2 804
0.49 0.46 0.42 0.46 0.5 0 0.55 0.22 2 749
0.44 0.62 0.53 0.27 0.5 0 0.49 0.22 2 895
0.47 0.46 0.53 0.12 0.5 0 0.51 0.25 2 978
0.51 0.6 0.51 0.26 0.5 0 0.54 0.22 2 748
0.54 0.53 0.53 0.17 0.5 0 0.51 0.39 2 849
0.52 0.48 0.54 0.28 0.5 0 0.54 0.22 2 720
0.48 0.54 0.5 0.17 0.5 0 0.53 0.22 2 618
0.25 0.41 0.47 0.14 0.5 0 0.56 0.68 2 1000
0.54 0.59 0.57 0.34 0.5 0 0.49 0.22 2 904
0.58 0.48 0.56 0.1 0.5 0 0.46 0.25 2 681
0.37 0.58 0.5 0.22 0.5 0 0.47 0.22 2 868
0.39 0.35 0.49 0.17 0.5 0 0.49 0.22 2 754
0.36 0.24 0.49 0.16 0.5 0 0.51 0.22 2 652
0.59 0.53 0.47 0.26 0.5 0 0.53 0.31 2 717
0.48 0.54 0.56 0.29 0.5 0 0.51 0.43 2 960
0.44 0.33 0.55 0.16 0.5 0 0.49 0.22 2 853
0.37 0.53 0.46 0.23 0.5 0 0.47 0.22 2 660
0.64 0.52 0.5 0.26 0.5 0 0.51 0.31 2 787
0.49 0.47 0.53 0.16 0.5 0 0.48 0.27 2 631
0.25 0.4 0.52 0.15 0.5 0 0.56 0.28 2 1017
0.37 0.44 0.51 0.56 0.5 0 0.5 0.38 2 826
0.23 0.2 0.53 0.2 0.5 0 0.44 0.22 2 650
0.52 0.38 0.62 0.12 0.5 0 0.41 0.28 2 750
0.44 0.42 0.57 0.22 0.5 0 0.5 0.25 2 794
0.44 0.45 0.53 0.19 0.5 0 0.41 0.28 2 854
0.47 0.4 0.63 0.19 0.5 0 0.52 0.32 2 1006
0.47 0.59 0.37 0.31 0.5 0 0.51 0.36 2 759
0.47 0.55 0.57 0.17 0.5 0 0.52 0.66 2 916
0.31 0.6 0.65 0.18 0.5 0 0.46 0.22 2 888
0.52 0.45 0.45 0.13 0.5 0 0.48 0.22 2 935
0.41 0.24 0.54 0.26 0.5 0 0.41 0.22 2 654
0.55 0.49 0.6 0.18 0.5 0 0.51 0.22 2 993
0.36 0.48 0.5 0.13 0.5 0 0.49 0.6 2 838
0.5 0.51 0.52 0.09 0.5 0 0.48 0.25 2 656
0.3 0.32 0.57 0.19 0.5 0 0.48 0.55 2 611
0.32 0.48 0.49 0.17 0.5 0 0.47 0.22 2 820
0.57 0.51 0.58 0.22 0.5 0 0.51 0.22 2 859
0.25 0.33 0.48 0.18 0.5 0 0.42 0.33 2 953
0.39 0.3 0.56 0.12 0.5 0 0.53 0.38 2 746
0.42 0.38 0.52 0.29 0.5 0 0.42 0.22 2 898
0.35 0.39 0.57 0.11 0.5 0 0.48 0.22 2 661
0.58 0.37 0.58 0.16 0.5 0 0.51 0.22 2 962
0.53 0.25 0.59 0.27 0.5 0 0.45 0.26 2 951
0.46 0.57 0.52 0.28 0.5 0 0.52 0.22 2 735
0.54 0.53 0.48 0.14 0.5 0 0.49 0.33 2 802
0.58 0.44 0.45 0.32 0.5 0 0.52 0.37 2 1004
0.42 0.21 0.59 0.3 0.5 0 0.47 0.27 2 864
0.46 0.5 0.5 0.28 0.5 0 0.5 0.37 2 932
0.48 0.55 0.58 0.18 0.5 0 0.38 0.69 2 920
0.4 0.28 0.48 0.06 0.5 0 0.49 0.42 2 824
0.47 0.38 0.5 0.15 0.5 0 0.49 0.47 2 976
0.4 0.34 0.52 0.17 0.5 0 0.47 0.51 2 680
0.32 0.6 0.48 0.13 0.5 0 0.53 0.22 2 914
0.41 0.25 0.59 0.44 0.5 0 0.6 0.69 2 1013
0.53 0.51 0.51 0.11 0.5 0 0.49 0.41 2 734
0.45 0.4 0.43 0.22 0.5 0 0.51 0.48 2 798
0.52 0.31 0.56 0.16 0.5 0 0.55 0.22 2 945
0.38 0.58 0.46 0.21 0.5 0 0.52 0.22 2 933
0.61 0.6 0.55 0.21 0.5 0 0.5 0.25 2 599
0.26 0.38 0.52 0.36 0.5 0 0.48 0.56 2 733
0.23 0.13 0.51 0.16 0.5 0 0.53 0.51 2 943
0.51 0.48 0.58 0.22 0.5 0 0.5 0.28 2 698
0.37 0.31 0.53 0.16 0.5 0 0.53 0.44 2 742
0.53 0.38 0.66 0.25 0.5 0 0.43 0.22 2 640
0.43 0.39 0.59 0.13 0.5 0 0.41 0.43 2 743
0.57 0.55 0.51 0.18 0.5 0 0.51 0.43 2 930
0.49 0.31 0.49 0.35 0.5 0 0.51 0.29 2 636
0.7 0.51 0.47 0.24 0.5 0 0.53 0.25 2 781
0.66 0.43 0.57 0.6 0.5 0 0.19 0.33 2 922
0.35 0.6 0.47 0.13 0.5 0 0.52 0.43 2 663
0.47 0.37 0.46 0.28 0.5 0 0.52 0.99 2 901
0.44 0.42 0.62 0.14 0.5 0 0.55 0.37 2 690
0.34 0.42 0.48 0.19 0.5 0 0.46 0.31 2 989
0.39 0.44 0.54 0.24 0.5 0 0.51 0.49 2 833
0.5 0.49 0.52 0.2 0.5 0 0.43 0.52 2 731
0.57 0.49 0.48 0.16 0.5 0 0.51 0.22 2 718
0.58 0.5 0.5 0.12 0.5 0 0.48 0.25 2 626
0.45 0.38 0.59 0.18 0.5 0 0.44 0.45 2 712
0.54 0.54 0.56 0.18 0.5 0 0.46 0.29 2 1003
0.44 0.53 0.43 0.17 0.5 0 0.54 0.75 2 724
0.37 0.46 0.4 0.27 0.5 0 0.45 0.22 2 622
0.5 0.56 0.63 0.25 0.5 0 0.42 0.22 2 886
0.58 0.48 0.56 0.12 0.5 0 0.46 0.25 2 682
0.53 0.4 0.57 0.12 0.5 0 0.53 0.32 2 751
0.45 0.65 0.51 0.17 0.5 0 0.49 0.22 2 907
0.49 0.45 0.57 0.24 0.5 0 0.47 0.38 2 823
0.48 0.23 0.57 0.27 0.5 0 0.48 0.47 2 609
0.43 0.41 0.51 0.34 0.5 0 0.49 0.28 2 842
0.5 0.34 0.55 0.21 0.5 0 0.49 0.22 2 598
0.47 0.43 0.48 0.16 0.5 0 0.46 0.27 2 835
0.35 0.42 0.56 0.28 0.5 0 0.47 0.22 2 857
0.6 0.48 0.44 0.52 0.5 0 0.54 0.63 2 684
0.57 0.51 0.53 0.18 0.5 0 0.56 0.25 2 633
0.33 0.28 0.5 0.4 0.5 0 0.46 0.61 2 831
0.38 0.37 0.56 0.21 0.5 0 0.49 0.22 2 637
0.6 0.57 0.52 0.14 0.5 0 0.46 0.48 2 897
0.51 0.61 0.5 0.23 0.5 0 0.52 0.61 2 848
0.5 0.42 0.57 0.49 0.5 0 0.48 0.27 2 797
0.37 0.3 0.51 0.15 0.5 0 0.58 0.26 2 894
0.29 0.68 0.47 0.26 0.5 0 0.47 0.37 2 702
0.28 0.51 0.55 0.11 0.5 0 0.46 0.22 2 686
0.46 0.53 0.47 0.37 0.5 0 0.51 0.36 2 887
0.18 0.48 0.46 0.12 0.5 0 0 0.25 2 732
0.36 0.39 0.54 0.16 0.5 0 0.5 0.28 2 801
0.45 0.36 0.5 0.19 0.5 0 0.53 0.7 2 982
0.55 0.59 0.53 0.15 0.5 0 0.49 0.22 2 840
0.45 0.41 0.53 0.49 0.5 0 0.49 0.31 2 909
0.43 0.42 0.54 0.22 0.5 0 0.57 0.33 2 689
0.38 0.38 0.54 0.24 0.5 0 0.54 0.22 2 891
0.31 0.42 0.48 0.17 0.5 0 0.49 0.53 2 786
0.47 0.49 0.63 0.17 0.5 0 0.31 0.26 2 685
0.32 0.3 0.57 0.38 0.5 0 0.5 0.25 2 998
0.45 0.57 0.52 0.21 0.5 0 0.54 0.38 2 958
0.37 0.43 0.62 0.27 0.5 0 0.48 0.22 2 666
0.45 0.49 0.57 0.25 0.5 0 0.48 0.22 2 866
0.55 0.54 0.56 0.22 0.5 0 0.5 0.37 2 651
0.33 0.46 0.53 0.29 0.5 0 0.5 0.55 2 762
0.19 0.16 0.68 0.36 0.5 0 0.49 0.21 2 917
0.48 0.45 0.63 0.19 0.5 0 0.58 0.22 2 877
0.61 0.39 0.53 0.14 0.5 0 0.43 0.26 2 829
0.58 0.56 0.45 0.12 0.5 0 0.51 0.22 2 639
0.36 0.44 0.51 0.17 0.5 0 0.6 0.19 2 763
0.43 0.39 0.54 0.21 0.5 0 0.53 0.27 2 595
0.29 0.39 0.46 0.36 0.5 0 0.51 0.22 2 1002
0.52 0.49 0.59 0.21 0.5 0 0.47 0.22 2 980
0.38 0.44 0.57 0.14 0.5 0 0.53 0.52 2 1008
0.53 0.54 0.43 0.18 0.5 0 0.53 0.31 2 795
0.11 0.41 0.67 0.13 0.5 0 0.45 0.29 2 765
0.33 0.35 0.56 0.19 0.5 0 0.5 0.22 2 810
0.64 0.6 0.57 0.19 0.5 0 0.43 0.22 2 621
0.5 0.45 0.49 0.3 0.5 0 0.47 0.4 2 714
0.49 0.6 0.54 0.35 0.5 0 0.53 0.46 2 944
0.39 0.39 0.55 0.52 0.5 0 0.37 0.16 2 693
0.42 0.42 0.55 0.31 0.5 0 0.43 0.22 2 908
0.64 0.76 0.51 0.18 0.5 0 0.46 0.22 2 777
0.48 0.46 0.58 0.26 0.5 0 0.44 0.22 2 793
0.46 0.41 0.58 0.1 0.5 0 0.48 0.22 2 858
0.45 0.4 0.56 0.15 0.5 0 0.52 0.22 2 970
0.54 0.6 0.57 0.17 0.5 0 0.44 0.22 2 926
0.53 0.51 0.55 0.05 0.5 0 0.45 0.25 2 615
0.34 0.47 0.48 0.32 0.5 0 0.42 0.22 2 885
0.48 0.43 0.51 0.32 0.5 0 0.52 0.43 2 605
0.36 0.32 0.55 0.27 0.5 0 0.47 0.43 2 927
0.69 0.62 0.49 0 1 0 0.47 0.22 2 783
0.45 0.54 0.49 0.29 0.5 0 0.49 0.25 2 839
0.41 0.39 0.61 0.17 0.5 0 0.5 0.61 2 966
0.52 0.37 0.48 0.13 0.5 0 0.55 0.22 2 819
0.34 0.24 0.51 0.15 0.5 0 0.54 0.4 2 1010
0.57 0.53 0.6 0.28 0.5 0 0.52 0.45 2 997
0.45 0.46 0.55 0.43 0.5 0 0.55 0.38 2 603
0.33 0.37 0.54 0.28 0.5 0 0.53 0.27 2 729
0.61 0.57 0.45 0.21 0.5 0 0.5 0.42 2 696
0.58 0.51 0.63 0.2 0.5 0 0.5 0.42 2 972
0.44 0.39 0.63 0.11 0.5 0 0.49 0.26 2 954
0.33 0.17 0.52 0.13 0.5 0 0.51 0.75 2 977
0.59 0.49 0.45 0.22 0.5 0 0.45 0.31 2 940
0.35 0.4 0.44 0.25 0.5 0 0.53 0.57 2 865
0.33 0.42 0.55 0.23 0.5 0 0.52 0.43 2 912
0.53 0.44 0.54 0.52 0.5 0 0.49 0.38 2 991
0.39 0.34 0.68 0.3 0.5 0 0.5 0.29 2 764
0.6 0.56 0.47 0.2 0.5 0 0.5 0.38 2 653
0.41 0.56 0.53 0.16 0.5 0 0.55 0.26 2 967
0.62 0.41 0.52 0.17 0.5 0 0.48 0.22 2 818
0.31 0.44 0.53 0.23 0.5 0 0.51 0.32 2 634
0.4 0.53 0.44 0.18 0.5 0 0.54 0.31 2 766
0.56 0.43 0.54 0.16 0.5 0 0.5 0.22 2 646
0.4 0.38 0.53 0.16 0.5 0 0.52 0.27 2 614
0.6 0.62 0.54 0.11 0.5 0 0.51 0.22 2 948
0.51 0.5 0.54 0.11 0.5 0 0.6 0.22 2 925
0.52 0.5 0.51 0.2 0.5 0 0.51 0.22 2 836
0.38 0.42 0.47 0.12 0.5 0 0.47 0.53 2 955
0.51 0.39 0.56 0.25 0.5 0 0.51 0.33 2 825
0.35 0.68 0.57 0.4 0.5 0 0.53 0.36 2 670
0.49 0.37 0.59 0.17 0.5 0 0.51 0.22 2 699
0.36 0.52 0.61 0.33 0.5 0 0.52 0.37 2 987
0.24 0.34 0.69 0.18 0.5 0 0.52 0.22 1 1081
0.38 0.51 0.75 0.17 0.5 0 0.55 0.22 1 1098
0.48 0.61 0.57 0.17 0.5 0 0.45 0.22 1 1479
0.4 0.45 0.61 0.29 0.5 0 0.44 0.22 1 1294
0.56 0.48 0.5 0.17 0.5 0 0.51 0.26 1 1238
0.37 0.3 0.62 0.43 0.5 0 0.44 0.39 1 1331
0.39 0.65 0.57 0.19 0.5 0 0.44 0.25 1 1321
0.45 0.56 0.54 0.32 0.5 0 0.57 0.22 1 1110
0.41 0.4 0.56 0.17 0.5 0 0.56 0.22 1 1353
0.58 0.45 0.48 0.24 0.5 0 0.52 0.37 1 1159
0.61 0.46 0.54 0.11 0.5 0 0.47 0.22 1 1255
0.58 0.51 0.49 0.27 0.5 0 0.57 0.29 1 1049
0.4 0.48 0.5 0.17 0.5 0 0.54 0.5 1 1158
0.41 0.51 0.58 0.15 0.5 0 0.45 0.27 1 1097
0.78 0.82 0.56 0.21 0.5 0 0.69 0.22 1 1309
0.51 0.48 0.46 0.29 0.5 0 0.54 0.22 1 1231
0.43 0.57 0.53 0.53 0.5 0 0.53 0.25 1 1084
0.66 0.55 0.54 0.18 0.5 0 0.43 0.22 1 1256
0.41 0.49 0.65 0.28 0.5 0 0.59 0.57 1 1328
0.58 0.55 0.51 0.13 0.5 0 0.52 0.22 1 1422
0.33 0.37 0.49 0.22 0.5 0 0.55 0.22 1 1386
0.52 0.54 0.5 0.21 0.5 0 0.48 0.3 1 1108
0.65 0.65 0.52 0.16 0.5 0 0.6 0.22 1 1059
0.56 0.41 0.58 0.21 0.5 0 0.42 0.22 1 1096
0.57 0.36 0.51 0.25 0.5 0 0.54 0.25 1 1435
0.59 0.43 0.52 0.19 0.5 0 0.55 0.27 1 1145
0.52 0.43 0.61 0.22 0.5 0 0.45 0.22 1 1311
0.28 0.51 0.55 0.19 0.5 0 0.57 0.22 1 1241
0.46 0.47 0.62 0.3 0.5 0 0.38 0.22 1 1450
0.43 0.33 0.67 0.12 0.5 0 0.43 0.23 1 1290
0.44 0.34 0.55 0.18 0.5 0 0.52 0.22 1 1151
0.31 0.45 0.5 0.17 0.5 0 0.49 0.22 1 1156
0.52 0.5 0.6 0.2 0.5 0 0.52 0.22 1 1440
0.48 0.58 0.47 0.17 0.5 0 0.53 0.74 1 1473
0.35 0.47 0.53 0.19 0.5 0 0.48 0.22 1 1248
0.56 0.48 0.5 0.3 0.5 0 0.51 0.22 1 1212
0.66 0.62 0.52 0.17 0.5 0 0.49 0.22 1 1169
0.42 0.37 0.54 0.17 0.5 0 0.51 0.22 1 1427
0.54 0.54 0.49 0.14 0.5 0 0.56 0.22 1 1185
0.62 0.6 0.47 0.16 0.5 0 0.53 0.22 1 1191
0.49 0.45 0.53 0.16 0.5 0 0.49 0.31 1 1214
0.38 0.49 0.54 1 0.5 0 0.5 0.27 1 1180
0.59 0.46 0.55 0.17 0.5 0 0.52 0.25 1 1443
0.62 0.43 0.49 0.29 0.5 0 0.5 0.27 1 1221
0.51 0.58 0.54 0.29 0.5 0 0.53 0.22 1 1130
0.51 0.4 0.5 0.28 0.5 0 0.48 0.27 1 1335
0.4 0.6 0.5 0.16 0.5 0 0.51 0.22 1 1254
0.63 0.54 0.53 0.27 0.5 0 0.49 0.22 1 1430
0.27 0.6 0.48 0.23 0.5 0 0.55 0.22 1 1060
0.47 0.56 0.58 0.19 0.5 0 0.44 0.64 1 1415
0.45 0.5 0.57 0.29 0.5 0 0.44 0.11 1 1264
0.47 0.5 0.6 0.63 0.5 0 0.38 0.16 1 1474
0.61 0.55 0.51 0.26 0.5 0 0.52 0.22 1 1252
0.41 0.49 0.47 0.09 0.5 0 0.49 0.22 1 1349
0.64 0.56 0.56 0.22 0.5 0 0.45 0.22 1 1039
0.61 0.5 0.61 0.21 0.5 0 0.55 0.54 1 1371
0.32 0.38 0.52 0.2 0.5 0 0.52 0.28 1 1138
0.4 0.44 0.5 0.13 0.5 0 0.52 0.39 1 1432
0.44 0.56 0.52 0.18 0.5 0 0.5 0.11 1 1280
0.41 0.52 0.41 0.11 0.5 0 0.54 0.35 1 1140
0.55 0.46 0.53 0.11 0.5 0 0.52 0.48 1 1109
0.44 0.55 0.51 0.16 0.5 0 0.6 0.22 1 1420
0.45 0.45 0.51 0.3 0.5 0 0.48 0.44 1 1382
0.52 0.46 0.56 0.2 0.5 0 0.5 0.22 1 1236
0.32 0.32 0.52 0.18 0.5 0 0.48 0.34 1 1416
0.49 0.61 0.49 0.25 0.5 0 0.5 0.28 1 1053
0.48 0.51 0.57 0.24 0.5 0 0.5 0.22 1 1190
0.58 0.56 0.46 0.14 0.5 0 0.51 0.22 1 1347
0.37 0.41 0.45 0.14 0.5 0 0.47 0.22 1 1203
0.59 0.55 0.57 0.18 0.5 0 0.51 0.22 1 1354
0.51 0.48 0.51 0.19 0.5 0 0.51 0.27 1 1377
0.57 0.4 0.48 0.24 0.5 0 0.55 0.22 1 1198
0.46 0.39 0.54 0.22 0.5 0 0.48 0.25 1 1317
0.66 0.45 0.5 0.23 0.5 0 0.49 0.22 1 1078
0.38 0.5 0.52 0.44 0.5 0 0.54 0.11 1 1324
0.41 0.43 0.5 0.28 0.5 0 0.5 0.22 1 1173
0.31 0.55 0.52 0.17 0.5 0 0.52 0.22 1 1086
0.47 0.39 0.55 0.24 0.5 0 0.47 0.22 1 1056
0.45 0.76 0.51 0.25 0.5 0 0.59 0.22 1 1436
0.57 0.47 0.6 0.18 0.5 0 0.51 0.22 1 1033
0.63 0.56 0.52 0.21 0.5 0 0.5 0.22 1 1464
0.34 0.34 0.65 0.4 0.5 0 0.32 0.16 1 1296
0.44 0.39 0.53 0.14 0.5 0 0.54 0.44 1 1071
0.6 0.48 0.46 0.32 0.5 0 0.4 0.33 1 1257
0.56 0.52 0.55 0.19 0.5 0 0.54 0.22 1 1106
0.43 0.53 0.52 0.13 0.5 0 0.55 0.22 1 1030
0.58 0.44 0.5 0.26 0.5 0 0.52 0.22 1 1291
0.24 0.25 0.57 0.28 0.5 0 0.51 0.11 1 1470
0.48 0.44 0.51 0.24 0.5 0 0.49 0.22 1 1437
0.53 0.41 0.5 0.24 1 0 0.47 0.22 1 1200
0.46 0.43 0.5 0.24 0.5 0 0.48 0.31 1 1250
0.5 0.44 0.57 0.28 0.5 0 0.57 0.22 1 1449
0.51 0.53 0.55 0.14 0.5 0 0.51 0.22 1 1102
0.39 0.45 0.51 0.29 0.5 0 0.54 0.22 1 1365
0.35 0.66 0.49 0.21 0.5 0 0.54 0.25 1 1093
0.34 0.54 0.5 0.21 0.5 0 0.54 0.31 1 1065
0.59 0.46 0.48 0.46 0.5 0 0.49 0.22 1 1244
0.44 0.71 0.5 0.21 0.5 0 0.54 0.27 1 1348
0.32 0.47 0.55 0.12 0.5 0 0.52 0.22 1 1115
0.63 0.64 0.49 0.2 0.5 0 0.52 0.25 1 1394
0.64 0.44 0.56 0.15 0.5 0 0.56 0.22 1 1472
0.41 0.49 0.55 0.13 0.5 0 0.55 0.22 1 1390
0.48 0.55 0.48 0.1 0.5 0 0.55 0.22 1 1305
0.39 0.37 0.56 0.15 0.5 0 0.5 0.27 1 1189
0.34 0.25 0.55 0.28 0.5 0 0.51 0.49 1 1336
0.48 0.41 0.52 0.33 0.5 0 0.51 0.26 1 1315
0.55 0.51 0.54 0.2 0.5 0 0.56 0.22 1 1229
0.62 0.58 0.46 0.13 0.5 0 0.53 0.22 1 1116
0.59 0.48 0.49 0.49 0.5 0 0.36 0.32 1 1471
0.38 0.48 0.59 0.22 0.5 0 0.46 0.22 1 1103
0.39 0.47 0.56 0.16 0.5 0 0.47 0.22 1 1067
0.47 0.39 0.59 0.15 0.5 0 0.57 0.22 1 1047
0.46 0.38 0.51 0.2 0.5 0 0.51 0.22 1 1352
0.46 0.53 0.52 0.15 0.5 0 0.58 0.22 1 1031
0.52 0.47 0.58 0.18 0.5 0 0.34 0.11 1 1369
0.59 0.45 0.53 0.19 0.5 0 0.59 0.27 1 1032
0.35 0.36 0.57 0.17 0.5 0 0.52 0.22 1 1125
0.51 0.59 0.55 0.21 0.5 0 0.52 0.22 1 1388
0.42 0.35 0.54 0.18 0.5 0 0.56 0.22 1 1057
0.46 0.52 0.51 0.13 0.5 0 0.47 0.22 1 1466
0.53 0.51 0.46 0.28 0.5 0 0.48 0.22 1 1092
0.57 0.61 0.45 0.26 0.5 0 0.5 0.22 1 1119
0.52 0.56 0.55 0.16 0.5 0 0.53 0.39 1 1375
0.41 0.46 0.57 0.25 0.5 0 0.57 0.38 1 1418
0.43 0.33 0.67 0.12 0.5 0 0.45 0.23 1 1289
0.62 0.33 0.49 0.24 0.5 0 0.51 0.42 1 1373
0.5 0.34 0.62 0.19 0.5 0 0.57 0.22 1 1188
0.25 0.4 0.54 0.16 0.5 0 0.43 0.22 1 1463
0.57 0.49 0.5 0.2 0.5 0 0.51 0.28 1 1220
0.35 0.39 0.56 0.2 0.5 0 0.49 0.41 1 1303
0.54 0.5 0.51 0.26 0.5 0 0.52 0.22 1 1363
0.38 0.47 0.53 0.12 0.5 0 0.48 0.22 1 1144
0.41 0.35 0.6 0.22 0.5 0 0.56 0.79 1 1389
0.49 0.4 0.58 0.23 0.5 0 0.47 0.27 1 1333
0.74 0.53 0.5 0.08 0.5 0 0.55 0.31 1 1153
0.29 0.46 0.54 0.27 0.5 0 0.49 0.22 1 1196
0.35 0.33 0.48 0.42 0.5 0 0.47 0.43 1 1270
0.48 0.44 0.46 0.37 0.5 0 0.46 0.36 1 1395
0.36 0.56 0.52 0.18 0.5 0 0.45 0.16 1 1281
0.62 0.58 0.52 0.15 0.5 0 0.52 0.29 1 1133
0.49 0.6 0.55 0.17 0.5 0 0.44 0.22 1 1202
0.69 0.39 0.52 0.12 0.5 0 0.38 0.35 1 1211
0.33 0.46 0.53 0.12 0.5 0 0.5 0.27 1 1434
0.51 0.35 0.46 0.15 0.5 0 0.51 0.42 1 1136
0.42 0.5 0.64 0.13 0.5 0 0.49 0.22 1 1318
0.51 0.52 0.58 0.17 0.5 0 0.47 0.28 1 1325
0.43 0.33 0.54 0.37 0.5 0 0.38 0.16 1 1267
0.36 0.37 0.63 0.25 0.5 0 0.3 0.22 1 1383
0.5 0.47 0.56 0.31 0.5 0 0.56 0.26 1 1469
0.4 0.28 0.58 0.44 0.5 0 0.41 0.22 1 1457
0.38 0.62 0.52 0.14 0.5 0 0.53 0.22 1 1228
0.43 0.51 0.48 0.14 0.5 0 0.5 0.22 1 1118
0.38 0.61 0.61 0.12 0.5 0 0.53 0.47 1 1034
0.54 0.55 0.56 0.14 0.5 0 0.5 0.25 1 1262
0.47 0.47 0.58 0.16 0.5 0 0.49 0.28 1 1127
0.59 0.58 0.46 0.19 0.5 0 0.56 0.27 1 1113
0.47 0.59 0.56 0.09 0.5 0 0.5 0.22 1 1456
0.38 0.43 0.53 0.22 0.5 0 0.48 0.11 1 1292
0.47 0.39 0.5 0.11 0.5 0 0.49 0.4 1 1026
0.54 0.35 0.55 0.19 0.5 0 0.3 0.22 1 1458
0.43 0.45 0.53 0.19 0.5 0 0.56 0.22 1 1226
0.37 0.55 0.52 0.13 0.5 0 0.42 0.8 1 1361
0.48 0.39 0.49 0.18 0.5 0 0.51 0.22 1 1150
0.45 0.4 0.5 0.16 0.5 0 0.5 0.22 1 1027
0.5 0.4 0.57 0.17 0.5 0 0.59 0.22 1 1467
0.48 0.48 0.56 0.18 0.5 0 0.58 0.22 1 1249
0.52 0.51 0.48 0.12 0.5 0 0.54 0.31 1 1445
0.53 0.43 0.47 0.15 0.5 0 0.58 0.22 1 1165
0.54 0.55 0.55 0.4 0.5 0 0.53 0.22 1 1410
0.4 0.42 0.71 0.21 0.5 0 0.54 0.32 1 1075
0.79 0.56 0.53 0.19 0.5 0 0.47 0.35 1 1439
0.66 0.54 0.53 0.17 0.5 0 0.54 0.22 1 1444
0.57 0.41 0.59 0.24 0.5 0 0.4 0.22 1 1095
0.29 0.34 0.55 0.24 0.5 0 0.51 0.22 1 1209
0.69 0.6 0.5 0.31 0.5 0 0.55 0.22 1 1129
0.54 0.48 0.44 0.08 0.5 0 0.52 0.27 1 1043
0.45 0.43 0.51 0.24 0.5 0 0.54 0.33 1 1072
0.35 0.21 1 0.8 0.5 0 0.13 0.01 1 1298
0.48 0.39 0.56 0.23 0.5 0 0.6 0.22 1 1455
0.43 0.22 0.79 0.79 0.5 0 0.22 0 1 1297
0.46 0.55 0.61 0.13 0.5 0 0.47 0.22 1 1197
0.46 0.47 0.46 0.16 0.5 0 0.51 0.22 1 1187
0.39 0.65 0.57 0.19 0.5 0 0.43 0.25 1 1322
0.61 0.48 0.56 0.19 0.5 0 0.53 0.31 1 1279
0.4 0.45 0.57 0.18 0.5 0 0.56 0.26 1 1035
0.25 0.4 0.51 0.18 0.5 0 0.5 0.27 1 1121
0.46 0.42 0.51 0.16 0.5 0 0.56 0.22 1 1340
0.63 0.43 0.48 0.11 0.5 0 0.51 0.22 1 1406
0.19 0.41 0.55 0.13 0.5 0 0.52 0.25 1 1452
0.4 0.56 0.53 0.15 0.5 0 0.49 0.22 1 1421
0.39 0.55 0.48 0.31 0.5 0 0.54 0.29 1 1070
0.41 0.3 0.49 0.28 0.5 0 0.54 0.22 1 1172
0.43 0.47 0.47 0.18 0.5 0 0.47 0.22 1 1366
0.69 0.54 0.55 0.23 0.5 0 0.73 0.22 1 1307
0.37 0.33 0.5 0.12 0.5 0 0.51 0.54 1 1141
0.44 0.4 0.53 0.19 0.5 0 0.48 0.27 1 1385
0.38 0.4 0.53 0.12 0.5 0 0.55 0.22 1 1343
0.35 0.46 0.49 0.15 1 0 0.55 0.35 1 1117
0.47 0.52 0.5 0.4 0.5 0 0.41 0.22 1 1055
0.27 0.56 0.56 0.18 0.5 0 0.52 0.22 1 1181
0.48 0.64 0.61 0.23 0.5 0 0.6 0.22 1 1085
0.48 0.56 0.49 0.32 0.5 0 0.5 0.22 1 1243
0.54 0.43 0.48 0.27 0.5 0 0.44 0.41 1 1431
0.4 0.47 0.48 0.18 0.5 0 0.46 0.22 1 1194
0.57 0.35 0.5 0.43 0.5 0 0.53 0.22 1 1403
0.37 0.44 0.64 0.48 0.5 0 0.36 0.27 1 1282
0.5 0.64 0.57 0.15 0.5 0 0.47 0.22 1 1062
0.55 0.66 0.57 0.32 0.5 0 0.57 0.34 1 1131
0.42 0.39 0.47 0.13 0.5 0 0.5 0.27 1 1137
0.63 0.64 0.45 0.26 0.5 0 0.43 0.22 1 1288
0.48 0.42 0.52 0.24 0.5 0 0.56 0.22 1 1048
0.6 0.4 0.59 0.18 0.5 0 0.48 0.22 1 1143
0.32 0.57 0.5 0.15 0.5 0 0.53 0.22 1 1087
0.55 0.55 0.52 0.13 0.5 0 0.53 0.25 1 1344
0.66 0.62 0.49 0.1 0.5 0 0.49 0.22 1 1040
0.48 0.51 0.5 0.24 0.5 0 0.54 0.38 1 1355
0.4 0.42 0.71 0.21 0.5 0 0.54 0.32 1 1074
0.38 0.42 0.5 0.19 0.5 0 0.44 0.22 1 1414
0.46 0.62 0.54 0.25 0.5 0 0.46 0.22 1 1233
0.59 0.54 0.53 0.14 0.5 0 0.48 0.22 1 1337
0.48 0.61 0.44 0.2 0.5 0 0.47 0.22 1 1077
0.43 0.4 0.5 0.18 0.5 0 0.5 0.28 1 1201
0.38 0.49 0.53 0.19 0.5 0 0.5 0.22 1 1042
0.28 0.36 0.55 0.15 0.5 0 0.57 0.22 1 1227
0.66 0.6 0.52 0.19 0.5 0 0.69 0.22 1 1306
0.72 0.37 0.63 0.38 0.5 0 0.4 0.14 1 1283
0.39 0.45 0.53 0.18 0.5 0 0.54 0.22 1 1107
0.43 0.33 0.54 0.37 0.5 0 0.38 0.16 1 1268
0.56 0.35 0.47 0.41 0.5 0 0.5 0.22 1 1300
0.59 0.47 0.51 0.53 0.5 0 0.53 0.26 1 1253
0.38 0.4 0.59 0.25 0.5 0 0.44 0.22 1 1260
0.64 0.44 0.51 0.35 0.5 0 0.53 0.22 1 1258
0.52 0.43 0.61 0.22 0.5 0 0.45 0.22 1 1312
0.5 0.52 0.51 0.22 0.5 0 0.46 0.37 1 1372
0.56 0.46 0.51 0.25 0.5 0 0.54 0.22 1 1446
0.73 0.6 0.47 0.2 0.5 0 0.72 0.22 1 1308
0.4 0.45 0.56 0.2 0.5 0 0.45 0.22 1 1052
0.54 0.48 0.55 0.33 0.5 0 0.55 0.4 1 1408
0.47 0.5 0.55 0.19 0.5 0 0.62 0.22 1 1206
0.6 0.46 0.51 0.1 0.5 0 0.48 0.31 1 1381
0.5 0.46 0.52 0.16 0.5 0 0.52 0.26 1 1175
0.61 0.38 0.57 0.36 0.5 0 0.44 0.21 1 1265
0.53 0.48 0.51 0.18 0.5 0 0.51 0.27 1 1379
0.45 0.4 0.56 0.14 0.5 0 0.54 0.22 1 1126
0.5 0.45 0.52 0.18 0.5 0 0.52 0.22 1 1398
0.45 0.42 0.52 0.2 0.5 0 0.5 0.25 1 1135
0.34 0.54 0.54 0.13 0.5 0 0.52 0.22 1 1195
0.44 0.51 0.53 0.3 0.5 0 0.53 0.22 1 1350
0.47 0.38 0.58 0.19 0.5 0 0.57 0.22 1 1475
0.42 0.5 0.59 0.17 0.5 0 0.51 0.22 1 1409
0.48 0.42 0.48 0.19 0.5 0 0.58 0.22 1 1225
0.38 0.42 0.5 0.19 0.5 0 0.44 0.22 1 1412
0.3 0.5 0.47 0.11 0.5 0 0.46 0.22 1 1154
0.44 0.41 0.58 0.2 0.5 0 0.57 0.25 1 1170
0.61 0.54 0.49 0.16 0.5 0 0.54 0.42 1 1168
0.61 0.48 0.54 0.25 0.5 0 0.5 0.22 1 1481
0.48 0.35 0.42 0.21 0.5 0 0.57 0.22 1 1132
0.44 0.54 0.51 0.16 0.5 0 0.58 0.22 1 1419
0.52 0.47 0.58 0.18 0.5 0 0.34 0.11 1 1368
0.44 0.49 0.49 0.27 0.5 0 0.52 0.22 1 1424
0.56 0.35 0.47 0.35 0.5 0 0.52 0.22 1 1301
0.54 0.49 0.49 0.2 0.5 0 0.52 0.22 1 1076
0.25 0.48 0.45 0.32 0.5 0 0.4 0.22 1 1392
0.45 0.27 0.5 0.33 0.5 0 0.53 0.26 1 1246
0.56 0.42 0.52 0.14 0.5 0 0.51 0.22 1 1339
0.39 0.58 0.5 0.1 0.5 0 0.51 0.25 1 1219
0.71 0.5 0.5 0.18 0.5 0 0.46 0.22 1 1480
0.46 0.44 0.52 0.11 0.5 0 0.5 0.22 1 1025
0.6 0.46 0.51 0.1 0.5 0 0.48 0.31 1 1380
0.5 0.49 0.46 0.22 0.5 0 0.53 0.25 1 1396
0.56 0.52 0.46 0.17 0.5 0 0.49 0.73 1 1374
0.5 0.5 0.62 0.23 0.5 0 0.35 0.11 1 1327
0.23 0.29 0.46 0 0.5 0 0.43 0.31 1 1391
0.5 0.55 0.52 0.16 0.5 0 0.51 0.31 1 1460
0.61 0.48 0.56 0.19 0.5 0 0.53 0.31 1 1278
0.39 0.39 0.59 0.25 0.5 0 0.45 0.22 1 1261
0.45 0.47 0.53 0.15 0.5 0 0.52 0.27 1 1230
0.54 0.65 0.49 0.34 0.5 0 0.52 0.22 1 1112
0.51 0.49 0.48 0.55 0.5 0 0.52 0.58 1 1459
0.49 0.45 0.46 0.18 0.5 0 0.49 0.31 1 1216
0.55 0.59 0.52 0.1 0.5 0 0.53 0.22 1 1218
0.48 0.39 0.51 0.21 0.5 0 0.52 0.28 1 1036
0.59 0.48 0.49 0.42 0.5 0 0.52 0.22 1 1402
0.32 0.44 0.54 0.21 0.5 0 0.4 0.19 1 1314
0.55 0.57 0.51 0.07 0.5 0 0.55 0.22 1 1367
0.52 0.51 0.51 0.12 0.5 0 0.51 0.4 1 1147
0.46 0.39 0.54 0.22 0.5 0 0.48 0.25 1 1316
0.5 0.5 0.48 0.17 0.5 0 0.47 0.26 1 1134
0.57 0.48 0.54 0.22 0.5 0 0.5 0.11 1 1326
0.55 0.41 0.56 0.21 0.5 0 0.52 0.22 1 1157
0.5 0.46 0.49 0.27 0.5 0 0.6 0.22 1 1448
0.28 0.48 0.56 0.16 0.5 0 0.48 0.26 1 1210
0.53 0.52 0.49 0.27 0.5 0 0.51 0.22 1 1468
0.34 0.46 0.52 0.19 0.5 0 0.53 0.26 1 1346
0.51 0.43 0.47 0.19 0.5 0 0.52 0.37 1 1184
0.43 0.46 0.5 0.21 0.5 0 0.49 0.34 1 1251
0.45 0.52 0.5 0.12 0.5 0 0.6 0.22 1 1259
0.61 0.52 0.5 0.44 0.5 0 0.53 0.22 1 1404
0.46 0.54 0.59 0.41 0.5 0 0.53 0.21 1 1319
0.58 0.45 0.55 0.27 0.5 0 0.48 0.11 1 1286
0.21 0.41 0.55 0.11 0.5 0 0.5 0.27 1 1079
0.41 0.39 0.51 0.52 0.5 0 0.49 0.22 1 1128
0.57 0.43 0.52 0.3 0.5 0 0.37 0.11 1 1273
0.5 0.45 0.51 0.19 0.5 0 0.53 0.25 1 1370
0.64 0.53 0.45 0.13 0.5 0 0.53 0.22 1 1146
0.54 0.38 0.52 0.18 0.5 0 0.48 0.22 1 1083
0.61 0.53 0.59 0.17 0.5 0 0.44 0.28 1 1277
0.59 0.51 0.47 0.21 0.5 0 0.47 0.22 1 1399
0.59 0.64 0.44 0.26 0.5 0 0.5 0.22 1 1438
