0.00000000 0.00000000 0.00000000 0.00000000 0.00000000 0.00000000 0.00000000 0.00000000
0.00000000 0.00000000 0.00000000 0.00000000 0.00000000 0.00000000 0.00000000 0.00000000
0.00000000 0.00000000 0.00000000 0.00000000 0.00000000 0.00000000 0.00000000 0.00000000
0.00000000 0.00000000 0.00000000 0.00000000 0.00000000 0.00000000 0.00000000 0.00000000
0.00000000 0.00000000 0.00000000 0.00000000 0.00000000 0.00000000 0.00000000 0.00000000
0.00000000 0.00000000 0.00000000 0.00000000 0.00000000 0.00000000 0.00000000 0.00000000
0.00000000 0.00000000 0.00000000 0.00000000 0.00000000 0.00000000 0.00000000 0.00000000
0.00000000 0.00000000 0.00000000 0.00000000 0.00000000 0.00000000 0.00000000 0.00000000
0.00000000 0.00000000 0.00000000 0.00000000 0.00000000 0.00000000 0.00000000 0.00000000
0.09331768 0.02425461 0.04606932 0.12989718 0.12042630 0.23768269 -0.49022119 -0.81264721
0.09331768 0.02425461 0.04606932 0.12989718 0.12042630 0.23768269 -0.49022119 -0.81264721
0.09331768 0.02425461 0.04606932 0.12989718 0.12042630 0.23768269 -0.49022119 -0.81264721
-0.39343830 0.71190208 -0.06622879 -0.43651821 0.06847028 0.26455858 -0.25609824 0.05658278
0.03727094 -0.13289958 0.40966089 0.34346310 0.03436420 0.00000000 -0.79172335 0.25913872
0.09331768 0.02425461 0.04606932 0.12989718 0.12042630 0.23768269 -0.49022119 -0.81264721
-0.05494483 0.05616088 -0.11369191 0.37687139 -0.01548795 0.00000000 0.36058224 -0.84178958
-0.16091370 -0.18612883 -0.14503597 0.08186975 0.05693397 0.22212050 0.56196144 -0.73711946
-0.16091370 -0.18612883 -0.14503597 0.08186975 0.05693397 0.22212050 0.56196144 -0.73711946
-0.16091370 -0.18612883 -0.14503597 0.08186975 0.05693397 0.22212050 0.56196144 -0.73711946
-0.17773410 0.95762341 -0.07260348 -0.06209549 -0.13319535 -0.07414496 0.12477076 -0.05860595
-0.16091370 -0.18612883 -0.14503597 0.08186975 0.05693397 0.22212050 0.56196144 -0.73711946
-0.16091370 -0.18612883 -0.14503597 0.08186975 0.05693397 0.22212050 0.56196144 -0.73711946
-0.16091370 -0.18612883 -0.14503597 0.08186975 0.05693397 0.22212050 0.56196144 -0.73711946
0.00000000 0.00000000 0.00000000 0.00000000 0.00000000 0.00000000 0.00000000 0.00000000
0.00000000 0.00000000 0.00000000 0.00000000 0.00000000 0.00000000 0.00000000 0.00000000
0.00000000 0.00000000 0.00000000 0.00000000 0.00000000 0.00000000 0.00000000 0.00000000
0.00000000 0.00000000 0.00000000 0.00000000 0.00000000 0.00000000 0.00000000 0.00000000
0.00000000 0.00000000 0.00000000 0.00000000 0.00000000 0.00000000 0.00000000 0.00000000
-0.24596033 -0.34693995 0.83898587 0.16647671 -0.01885442 0.07361852 0.15717613 -0.23884073
-0.24596033 -0.34693995 0.83898587 0.16647671 -0.01885442 0.07361852 0.15717613 -0.23884073
-0.24596033 -0.34693995 0.83898587 0.16647671 -0.01885442 0.07361852 0.15717613 -0.23884073
-0.24596033 -0.34693995 0.83898587 0.16647671 -0.01885442 0.07361852 0.15717613 -0.23884073
-0.37896146 -0.36448719 0.79266608 0.14109380 0.11414448 0.00000000 -0.21250317 -0.13085781
-0.24596033 -0.34693995 0.83898587 0.16647671 -0.01885442 0.07361852 0.15717613 -0.23884073
-0.24596033 -0.34693995 0.83898587 0.16647671 -0.01885442 0.07361852 0.15717613 -0.23884073
-0.09583057 -0.03950083 0.60832550 0.03365452 -0.22773943 0.31236825 -0.17973334 -0.66054553
-0.09583057 -0.03950083 0.60832550 0.03365452 -0.22773943 0.31236825 -0.17973334 -0.66054553
-0.09583057 -0.03950083 0.60832550 0.03365452 -0.22773943 0.31236825 -0.17973334 -0.66054553
-0.06077610 0.03924498 0.77534988 -0.26520461 -0.02886756 0.23165504 -0.51832258 0.01046378
-0.09583057 -0.03950083 0.60832550 0.03365452 -0.22773943 0.31236825 -0.17973334 -0.66054553
-0.09583057 -0.03950083 0.60832550 0.03365452 -0.22773943 0.31236825 -0.17973334 -0.66054553
-0.09583057 -0.03950083 0.60832550 0.03365452 -0.22773943 0.31236825 -0.17973334 -0.66054553
0.00000000 0.00000000 0.00000000 0.00000000 0.00000000 0.00000000 0.00000000 0.00000000
0.00000000 0.00000000 0.00000000 0.00000000 0.00000000 0.00000000 0.00000000 0.00000000
0.00000000 0.00000000 0.00000000 0.00000000 0.00000000 0.00000000 0.00000000 0.00000000
0.00000000 0.00000000 0.00000000 0.00000000 0.00000000 0.00000000 0.00000000 0.00000000
0.00000000 0.00000000 0.00000000 0.00000000 0.00000000 0.00000000 0.00000000 0.00000000
0.13273636 -0.04186936 0.70204211 0.14999620 -0.25503941 0.11583872 0.56495411 -0.26005610
0.13273636 -0.04186936 0.70204211 0.14999620 -0.25503941 0.11583872 0.56495411 -0.26005610
0.13273636 -0.04186936 0.70204211 0.14999620 -0.25503941 0.11583872 0.56495411 -0.26005610
0.14797830 -0.06834201 0.53154238 0.03882042 -0.26845119 0.09753013 0.77062138 -0.11811852
0.13273636 -0.04186936 0.70204211 0.14999620 -0.25503941 0.11583872 0.56495411 -0.26005610
0.13273636 -0.04186936 0.70204211 0.14999620 -0.25503941 0.11583872 0.56495411 -0.26005610
0.13273636 -0.04186936 0.70204211 0.14999620 -0.25503941 0.11583872 0.56495411 -0.26005610
0.06935220 0.00890372 -0.14139145 -0.16893095 -0.10457331 0.95496098 -0.13417105 -0.07545765
0.06935220 0.00890372 -0.14139145 -0.16893095 -0.10457331 0.95496098 -0.13417105 -0.07545765
0.06935220 0.00890372 -0.14139145 -0.16893095 -0.10457331 0.95496098 -0.13417105 -0.07545765
0.06935220 0.00890372 -0.14139145 -0.16893095 -0.10457331 0.95496098 -0.13417105 -0.07545765
0.06935220 0.00890372 -0.14139145 -0.16893095 -0.10457331 0.95496098 -0.13417105 -0.07545765
-0.02358301 -0.00825130 0.03945879 -0.06202903 0.10033311 0.06280198 -0.12151991 -0.98244249
0.06935220 0.00890372 -0.14139145 -0.16893095 -0.10457331 0.95496098 -0.13417105 -0.07545765
0.00000000 0.00000000 0.00000000 0.00000000 0.00000000 0.00000000 0.00000000 0.00000000
0.14180009 0.09846800 -0.12168186 0.01457202 0.00159840 0.92268480 -0.07524965 -0.31331402
0.14180009 0.09846800 -0.12168186 0.01457202 0.00159840 0.92268480 -0.07524965 -0.31331402
0.14180009 0.09846800 -0.12168186 0.01457202 0.00159840 0.92268480 -0.07524965 -0.31331402
0.80322604 -0.16908526 -0.06412900 0.29363220 -0.24785267 0.00000000 0.34636781 -0.23346113
0.14180009 0.09846800 -0.12168186 0.01457202 0.00159840 0.92268480 -0.07524965 -0.31331402
-0.01905708 0.04029029 0.19455663 0.07403794 -0.10087415 0.20601884 -0.38987477 0.86605885
0.14180009 0.09846800 -0.12168186 0.01457202 0.00159840 0.92268480 -0.07524965 -0.31331402
-0.22403145 -0.08774678 -0.06735616 -0.06428540 -0.09650679 0.00000000 0.65578227 0.70290612
-0.22403145 -0.08774678 -0.06735616 -0.06428540 -0.09650679 0.00000000 0.65578227 0.70290612
-0.22403145 -0.08774678 -0.06735616 -0.06428540 -0.09650679 0.00000000 0.65578227 0.70290612
-0.22403145 -0.08774678 -0.06735616 -0.06428540 -0.09650679 0.00000000 0.65578227 0.70290612
-0.22403145 -0.08774678 -0.06735616 -0.06428540 -0.09650679 0.00000000 0.65578227 0.70290612
-0.22403145 -0.08774678 -0.06735616 -0.06428540 -0.09650679 0.00000000 0.65578227 0.70290612
-0.22403145 -0.08774678 -0.06735616 -0.06428540 -0.09650679 0.00000000 0.65578227 0.70290612
0.00000000 0.00000000 0.00000000 0.00000000 0.00000000 0.00000000 0.00000000 0.00000000
0.00000000 0.00000000 0.00000000 0.00000000 0.00000000 0.00000000 0.00000000 0.00000000
0.00000000 0.00000000 0.00000000 0.00000000 0.00000000 0.00000000 0.00000000 0.00000000
0.00000000 0.00000000 0.00000000 0.00000000 0.00000000 0.00000000 0.00000000 0.00000000
0.00000000 0.00000000 0.00000000 0.00000000 0.00000000 0.00000000 0.00000000 0.00000000
0.00000000 0.00000000 0.00000000 0.00000000 0.00000000 0.00000000 0.00000000 0.00000000
-0.48723348 -0.02340112 0.64355849 -0.05175750 -0.41414427 0.00000000 0.40874074 -0.08139462
-0.48723348 -0.02340112 0.64355849 -0.05175750 -0.41414427 0.00000000 0.40874074 -0.08139462
-0.48723348 -0.02340112 0.64355849 -0.05175750 -0.41414427 0.00000000 0.40874074 -0.08139462
0.48323763 -0.07945249 -0.38806012 0.08805502 0.11078448 0.00000000 -0.73517987 0.22149877
-0.54949628 0.38607150 0.10636149 -0.37657933 0.18743527 0.00000000 -0.41193788 -0.43709619
-0.12755215 0.04133320 0.48794561 -0.50593172 -0.18448816 0.00000000 0.67288642 -0.03394359
-0.48723348 -0.02340112 0.64355849 -0.05175750 -0.41414427 0.00000000 0.40874074 -0.08139462
0.14904550 -0.05152425 0.89108907 -0.01902500 -0.08316324 0.00000000 -0.32246828 -0.26424818
0.14904550 -0.05152425 0.89108907 -0.01902500 -0.08316324 0.00000000 -0.32246828 -0.26424818
0.14904550 -0.05152425 0.89108907 -0.01902500 -0.08316324 0.00000000 -0.32246828 -0.26424818
0.09838419 -0.56572464 0.11865640 -0.43460841 -0.00101499 0.00000000 0.56741011 -0.38125727
-0.00956246 0.10830628 0.10346478 0.93862211 -0.21452630 0.00000000 0.15212276 0.16522413
-0.03508167 -0.06110682 0.52731926 0.00202698 -0.25635366 0.00000000 0.78250463 0.19731912
0.14904550 -0.05152425 0.89108907 -0.01902500 -0.08316324 0.00000000 -0.32246828 -0.26424818
0.00000000 0.00000000 0.00000000 0.00000000 0.00000000 0.00000000 0.00000000 0.00000000
0.00000000 0.00000000 0.00000000 0.00000000 0.00000000 0.00000000 0.00000000 0.00000000
0.00000000 0.00000000 0.00000000 0.00000000 0.00000000 0.00000000 0.00000000 0.00000000
0.00000000 0.00000000 0.00000000 0.00000000 0.00000000 0.00000000 0.00000000 0.00000000
0.00000000 0.00000000 0.00000000 0.00000000 0.00000000 0.00000000 0.00000000 0.00000000
0.00851829 -0.26683226 -0.44185301 -0.52099071 0.05321816 -0.12900816 0.47375103 0.46706238
0.00851829 -0.26683226 -0.44185301 -0.52099071 0.05321816 -0.12900816 0.47375103 0.46706238
0.00851829 -0.26683226 -0.44185301 -0.52099071 0.05321816 -0.12900816 0.47375103 0.46706238
0.00768446 -0.26845451 -0.08597028 -0.32283053 -0.12208181 0.00000000 0.86097396 0.24511744
0.00851829 -0.26683226 -0.44185301 -0.52099071 0.05321816 -0.12900816 0.47375103 0.46706238
0.17589700 -0.14788266 0.00164167 -0.57833913 0.16133388 0.00000000 -0.72573324 0.24493830
0.00851829 -0.26683226 -0.44185301 -0.52099071 0.05321816 -0.12900816 0.47375103 0.46706238
0.00000000 0.00000000 0.00000000 0.00000000 0.00000000 0.00000000 0.00000000 0.00000000
0.00000000 0.00000000 0.00000000 0.00000000 0.00000000 0.00000000 0.00000000 0.00000000
0.00000000 0.00000000 0.00000000 0.00000000 0.00000000 0.00000000 0.00000000 0.00000000
0.00000000 0.00000000 0.00000000 0.00000000 0.00000000 0.00000000 0.00000000 0.00000000
0.00000000 0.00000000 0.00000000 0.00000000 0.00000000 0.00000000 0.00000000 0.00000000
0.18553443 0.02018345 -0.84218622 -0.11681247 -0.17390689 0.00000000 0.35533101 -0.29281922
0.18553443 0.02018345 -0.84218622 -0.11681247 -0.17390689 0.00000000 0.35533101 -0.29281922
0.18553443 0.02018345 -0.84218622 -0.11681247 -0.17390689 0.00000000 0.35533101 -0.29281922
0.28959462 0.16297984 -0.29498879 0.17115858 -0.15458407 0.00000000 0.70614601 -0.50071994
0.18553443 0.02018345 -0.84218622 -0.11681247 -0.17390689 0.00000000 0.35533101 -0.29281922
0.27894433 0.07235649 -0.82684224 -0.13308433 0.10565511 0.00000000 0.07061239 -0.44657133
0.18553443 0.02018345 -0.84218622 -0.11681247 -0.17390689 0.00000000 0.35533101 -0.29281922
0.00000000 0.00000000 0.00000000 0.00000000 0.00000000 0.00000000 0.00000000 0.00000000
0.00000000 0.00000000 0.00000000 0.00000000 0.00000000 0.00000000 0.00000000 0.00000000
0.00000000 0.00000000 0.00000000 0.00000000 0.00000000 0.00000000 0.00000000 0.00000000
0.00000000 0.00000000 0.00000000 0.00000000 0.00000000 0.00000000 0.00000000 0.00000000
0.00000000 0.00000000 0.00000000 0.00000000 0.00000000 0.00000000 0.00000000 0.00000000
0.00000000 0.00000000 0.00000000 0.00000000 0.00000000 0.00000000 0.00000000 0.00000000
0.00000000 0.00000000 0.00000000 0.00000000 0.00000000 0.00000000 0.00000000 0.00000000
0.00000000 0.00000000 0.00000000 0.00000000 0.00000000 0.00000000 0.00000000 0.00000000
0.00000000 0.00000000 0.00000000 0.00000000 0.00000000 0.00000000 0.00000000 0.00000000
0.00000000 0.00000000 0.00000000 0.00000000 0.00000000 0.00000000 0.00000000 0.00000000
0.00000000 0.00000000 0.00000000 0.00000000 0.00000000 0.00000000 0.00000000 0.00000000
0.00000000 0.00000000 0.00000000 0.00000000 0.00000000 0.00000000 0.00000000 0.00000000
0.00000000 0.00000000 0.00000000 0.00000000 0.00000000 0.00000000 0.00000000 0.00000000
0.00000000 0.00000000 0.00000000 0.00000000 0.00000000 0.00000000 0.00000000 0.00000000
0.00000000 0.00000000 0.00000000 0.00000000 0.00000000 0.00000000 0.00000000 0.00000000
0.02748958 0.03787611 -0.93562725 -0.05344692 -0.21097566 -0.10346635 0.17019344 -0.18807705
0.02748958 0.03787611 -0.93562725 -0.05344692 -0.21097566 -0.10346635 0.17019344 -0.18807705
0.02748958 0.03787611 -0.93562725 -0.05344692 -0.21097566 -0.10346635 0.17019344 -0.18807705
0.11799290 0.05056416 -0.89768026 -0.11947559 0.13378385 0.00000000 0.21049095 -0.31813853
0.02748958 0.03787611 -0.93562725 -0.05344692 -0.21097566 -0.10346635 0.17019344 -0.18807705
-0.11134235 0.04070066 -0.70063478 -0.08287468 0.04973977 0.00000000 0.04156023 0.69569227
0.02748958 0.03787611 -0.93562725 -0.05344692 -0.21097566 -0.10346635 0.17019344 -0.18807705
0.00000000 0.00000000 0.00000000 0.00000000 0.00000000 0.00000000 0.00000000 0.00000000
0.00000000 0.00000000 0.00000000 0.00000000 0.00000000 0.00000000 0.00000000 0.00000000
0.00000000 0.00000000 0.00000000 0.00000000 0.00000000 0.00000000 0.00000000 0.00000000
0.00000000 0.00000000 0.00000000 0.00000000 0.00000000 0.00000000 0.00000000 0.00000000
0.00000000 0.00000000 0.00000000 0.00000000 0.00000000 0.00000000 0.00000000 0.00000000
0.00000000 0.00000000 0.00000000 0.00000000 0.00000000 0.00000000 0.00000000 0.00000000
0.00000000 0.00000000 0.00000000 0.00000000 0.00000000 0.00000000 0.00000000 0.00000000
0.00000000 0.00000000 0.00000000 0.00000000 0.00000000 0.00000000 0.00000000 0.00000000
0.00000000 0.00000000 0.00000000 0.00000000 0.00000000 0.00000000 0.00000000 0.00000000
0.00000000 0.00000000 0.00000000 0.00000000 0.00000000 0.00000000 0.00000000 0.00000000
0.00000000 0.00000000 0.00000000 0.00000000 0.00000000 0.00000000 0.00000000 0.00000000
0.00000000 0.00000000 0.00000000 0.00000000 0.00000000 0.00000000 0.00000000 0.00000000
0.00000000 0.00000000 0.00000000 0.00000000 0.00000000 0.00000000 0.00000000 0.00000000
0.00000000 0.00000000 0.00000000 0.00000000 0.00000000 0.00000000 0.00000000 0.00000000
0.00000000 0.00000000 0.00000000 0.00000000 0.00000000 0.00000000 0.00000000 0.00000000
-0.05392334 -0.09039560 0.92122941 -0.06724812 -0.04808257 0.00000000 -0.36527115 -0.00019672
-0.05392334 -0.09039560 0.92122941 -0.06724812 -0.04808257 0.00000000 -0.36527115 -0.00019672
-0.05392334 -0.09039560 0.92122941 -0.06724812 -0.04808257 0.00000000 -0.36527115 -0.00019672
-0.31537886 -0.10615006 -0.60359935 0.36254194 0.07956245 0.00000000 0.57434597 0.23936588
0.63660313 -0.24611067 -0.65049832 0.17871827 -0.08343413 0.00000000 0.20759400 -0.17035607
-0.05392334 -0.09039560 0.92122941 -0.06724812 -0.04808257 0.00000000 -0.36527115 -0.00019672
0.31302944 -0.14583791 0.66524311 -0.14611372 -0.01686780 0.00000000 -0.64489888 0.02582967
0.01372164 0.18688429 0.40940356 -0.16715717 -0.19828189 0.00000000 -0.51136421 -0.68448822
0.01372164 0.18688429 0.40940356 -0.16715717 -0.19828189 0.00000000 -0.51136421 -0.68448822
0.01372164 0.18688429 0.40940356 -0.16715717 -0.19828189 0.00000000 -0.51136421 -0.68448822
-0.60117043 0.29223695 -0.60921761 0.20184871 0.12460338 0.00000000 0.33728498 0.10961535
0.01372164 0.18688429 0.40940356 -0.16715717 -0.19828189 0.00000000 -0.51136421 -0.68448822
0.01372164 0.18688429 0.40940356 -0.16715717 -0.19828189 0.00000000 -0.51136421 -0.68448822
0.01372164 0.18688429 0.40940356 -0.16715717 -0.19828189 0.00000000 -0.51136421 -0.68448822
0.00000000 0.00000000 0.00000000 0.00000000 0.00000000 0.00000000 0.00000000 0.00000000
0.00000000 0.00000000 0.00000000 0.00000000 0.00000000 0.00000000 0.00000000 0.00000000
0.00000000 0.00000000 0.00000000 0.00000000 0.00000000 0.00000000 0.00000000 0.00000000
0.00000000 0.00000000 0.00000000 0.00000000 0.00000000 0.00000000 0.00000000 0.00000000
0.00000000 0.00000000 0.00000000 0.00000000 0.00000000 0.00000000 0.00000000 0.00000000
0.00000000 0.00000000 0.00000000 0.00000000 0.00000000 0.00000000 0.00000000 0.00000000
0.47398209 0.25164632 0.22373058 -0.29570291 -0.04648181 0.00000000 -0.68517892 -0.32076287
0.47398209 0.25164632 0.22373058 -0.29570291 -0.04648181 0.00000000 -0.68517892 -0.32076287
0.47398209 0.25164632 0.22373058 -0.29570291 -0.04648181 0.00000000 -0.68517892 -0.32076287
0.44513968 -0.07723130 0.44770537 -0.23793367 -0.15823533 0.00000000 -0.30859911 0.64696340
0.47398209 0.25164632 0.22373058 -0.29570291 -0.04648181 0.00000000 -0.68517892 -0.32076287
0.47398209 0.25164632 0.22373058 -0.29570291 -0.04648181 0.00000000 -0.68517892 -0.32076287
0.47398209 0.25164632 0.22373058 -0.29570291 -0.04648181 0.00000000 -0.68517892 -0.32076287
0.53446511 0.45423377 -0.27287532 -0.00661417 -0.08686242 0.00000000 -0.38050288 -0.53027023
0.53446511 0.45423377 -0.27287532 -0.00661417 -0.08686242 0.00000000 -0.38050288 -0.53027023
0.53446511 0.45423377 -0.27287532 -0.00661417 -0.08686242 0.00000000 -0.38050288 -0.53027023
0.57074483 -0.70099598 0.22340523 0.09774715 -0.03279811 0.00000000 0.26676426 -0.22616739
0.53446511 0.45423377 -0.27287532 -0.00661417 -0.08686242 0.00000000 -0.38050288 -0.53027023
0.53446511 0.45423377 -0.27287532 -0.00661417 -0.08686242 0.00000000 -0.38050288 -0.53027023
0.53446511 0.45423377 -0.27287532 -0.00661417 -0.08686242 0.00000000 -0.38050288 -0.53027023
0.45111525 0.61544962 0.00813390 0.10408610 -0.16885667 0.00000000 -0.38736442 -0.47775826
0.45111525 0.61544962 0.00813390 0.10408610 -0.16885667 0.00000000 -0.38736442 -0.47775826
0.45111525 0.61544962 0.00813390 0.10408610 -0.16885667 0.00000000 -0.38736442 -0.47775826
0.41655963 -0.48274443 0.75688108 -0.07794911 -0.11408544 0.00000000 -0.00052044 -0.03840708
0.45111525 0.61544962 0.00813390 0.10408610 -0.16885667 0.00000000 -0.38736442 -0.47775826
0.45111525 0.61544962 0.00813390 0.10408610 -0.16885667 0.00000000 -0.38736442 -0.47775826
0.45111525 0.61544962 0.00813390 0.10408610 -0.16885667 0.00000000 -0.38736442 -0.47775826
0.17573299 0.73792274 -0.45739391 -0.21374404 0.00298181 0.00000000 -0.08262346 0.40355510
0.17573299 0.73792274 -0.45739391 -0.21374404 0.00298181 0.00000000 -0.08262346 0.40355510
0.17573299 0.73792274 -0.45739391 -0.21374404 0.00298181 0.00000000 -0.08262346 0.40355510
0.17573299 0.73792274 -0.45739391 -0.21374404 0.00298181 0.00000000 -0.08262346 0.40355510
0.22128406 0.57457123 -0.46797893 -0.28903865 -0.20932657 0.00000000 0.30640467 0.42503201
0.17573299 0.73792274 -0.45739391 -0.21374404 0.00298181 0.00000000 -0.08262346 0.40355510
0.17573299 0.73792274 -0.45739391 -0.21374404 0.00298181 0.00000000 -0.08262346 0.40355510
0.00000000 0.00000000 0.00000000 0.00000000 0.00000000 0.00000000 0.00000000 0.00000000
0.00000000 0.00000000 0.00000000 0.00000000 0.00000000 0.00000000 0.00000000 0.00000000
0.00000000 0.00000000 0.00000000 0.00000000 0.00000000 0.00000000 0.00000000 0.00000000
0.00000000 0.00000000 0.00000000 0.00000000 0.00000000 0.00000000 0.00000000 0.00000000
0.00000000 0.00000000 0.00000000 0.00000000 0.00000000 0.00000000 0.00000000 0.00000000
0.00000000 0.00000000 0.00000000 0.00000000 0.00000000 0.00000000 0.00000000 0.00000000
0.58575228 0.54751691 -0.49294542 -0.07013526 -0.23483068 0.00000000 -0.08478501 0.21649805
0.58575228 0.54751691 -0.49294542 -0.07013526 -0.23483068 0.00000000 -0.08478501 0.21649805
0.58575228 0.54751691 -0.49294542 -0.07013526 -0.23483068 0.00000000 -0.08478501 0.21649805
0.58575228 0.54751691 -0.49294542 -0.07013526 -0.23483068 0.00000000 -0.08478501 0.21649805
0.58575228 0.54751691 -0.49294542 -0.07013526 -0.23483068 0.00000000 -0.08478501 0.21649805
0.58575228 0.54751691 -0.49294542 -0.07013526 -0.23483068 0.00000000 -0.08478501 0.21649805
0.58575228 0.54751691 -0.49294542 -0.07013526 -0.23483068 0.00000000 -0.08478501 0.21649805
0.00000000 0.00000000 0.00000000 0.00000000 0.00000000 0.00000000 0.00000000 0.00000000
0.00000000 0.00000000 0.00000000 0.00000000 0.00000000 0.00000000 0.00000000 0.00000000
0.00000000 0.00000000 0.00000000 0.00000000 0.00000000 0.00000000 0.00000000 0.00000000
0.00000000 0.00000000 0.00000000 0.00000000 0.00000000 0.00000000 0.00000000 0.00000000
0.00000000 0.00000000 0.00000000 0.00000000 0.00000000 0.00000000 0.00000000 0.00000000
0.00000000 0.00000000 0.00000000 0.00000000 0.00000000 0.00000000 0.00000000 0.00000000
0.00000000 0.00000000 0.00000000 0.00000000 0.00000000 0.00000000 0.00000000 0.00000000
0.62570437 -0.03499136 0.58921638 0.01369220 0.46586071 0.00000000 0.05958753 -0.19831628
0.62570437 -0.03499136 0.58921638 0.01369220 0.46586071 0.00000000 0.05958753 -0.19831628
0.62570437 -0.03499136 0.58921638 0.01369220 0.46586071 0.00000000 0.05958753 -0.19831628
0.44332542 -0.51756275 0.42282363 0.41980275 -0.18167200 0.00000000 0.26203586 0.28090868
0.62570437 -0.03499136 0.58921638 0.01369220 0.46586071 0.00000000 0.05958753 -0.19831628
0.62570437 -0.03499136 0.58921638 0.01369220 0.46586071 0.00000000 0.05958753 -0.19831628
0.14728935 0.51404980 0.56845389 -0.44178313 -0.11047141 0.00000000 -0.36982739 -0.21626430
0.00000000 0.00000000 0.00000000 0.00000000 0.00000000 0.00000000 0.00000000 0.00000000
0.00000000 0.00000000 0.00000000 0.00000000 0.00000000 0.00000000 0.00000000 0.00000000
0.00000000 0.00000000 0.00000000 0.00000000 0.00000000 0.00000000 0.00000000 0.00000000
0.00000000 0.00000000 0.00000000 0.00000000 0.00000000 0.00000000 0.00000000 0.00000000
0.00000000 0.00000000 0.00000000 0.00000000 0.00000000 0.00000000 0.00000000 0.00000000
0.41095070 -0.09533283 -0.59322114 -0.30133121 0.47583547 0.00000000 -0.03662074 0.38930564
0.41095070 -0.09533283 -0.59322114 -0.30133121 0.47583547 0.00000000 -0.03662074 0.38930564
0.41095070 -0.09533283 -0.59322114 -0.30133121 0.47583547 0.00000000 -0.03662074 0.38930564
0.31848601 -0.35009362 -0.15727229 0.18485093 0.01130174 0.00000000 0.34118357 -0.77495982
0.41095070 -0.09533283 -0.59322114 -0.30133121 0.47583547 0.00000000 -0.03662074 0.38930564
0.56020599 -0.41498460 -0.43235995 -0.22735610 0.25547090 0.00000000 -0.42988144 -0.15895805
0.41095070 -0.09533283 -0.59322114 -0.30133121 0.47583547 0.00000000 -0.03662074 0.38930564
0.00000000 0.00000000 0.00000000 0.00000000 0.00000000 0.00000000 0.00000000 0.00000000
0.00000000 0.00000000 0.00000000 0.00000000 0.00000000 0.00000000 0.00000000 0.00000000
0.00000000 0.00000000 0.00000000 0.00000000 0.00000000 0.00000000 0.00000000 0.00000000
0.00000000 0.00000000 0.00000000 0.00000000 0.00000000 0.00000000 0.00000000 0.00000000
0.00000000 0.00000000 0.00000000 0.00000000 0.00000000 0.00000000 0.00000000 0.00000000
0.36826620 0.07031181 -0.90684639 0.00676694 0.08385134 0.00000000 -0.07358080 -0.15676388
0.36826620 0.07031181 -0.90684639 0.00676694 0.08385134 0.00000000 -0.07358080 -0.15676388
0.36826620 0.07031181 -0.90684639 0.00676694 0.08385134 0.00000000 -0.07358080 -0.15676388
0.39790350 0.06052624 -0.82175460 0.08488013 0.03338084 0.00000000 -0.18216972 -0.34817240
0.36826620 0.07031181 -0.90684639 0.00676694 0.08385134 0.00000000 -0.07358080 -0.15676388
0.36826620 0.07031181 -0.90684639 0.00676694 0.08385134 0.00000000 -0.07358080 -0.15676388
0.36826620 0.07031181 -0.90684639 0.00676694 0.08385134 0.00000000 -0.07358080 -0.15676388
0.00000000 0.00000000 0.00000000 0.00000000 0.00000000 0.00000000 0.00000000 0.00000000
0.00000000 0.00000000 0.00000000 0.00000000 0.00000000 0.00000000 0.00000000 0.00000000
0.00000000 0.00000000 0.00000000 0.00000000 0.00000000 0.00000000 0.00000000 0.00000000
0.00000000 0.00000000 0.00000000 0.00000000 0.00000000 0.00000000 0.00000000 0.00000000
0.00000000 0.00000000 0.00000000 0.00000000 0.00000000 0.00000000 0.00000000 0.00000000
0.31357916 0.20417598 -0.87714208 0.17283269 0.20237319 0.00568076 -0.13722720 -0.03020661
0.31357916 0.20417598 -0.87714208 0.17283269 0.20237319 0.00568076 -0.13722720 -0.03020661
0.31357916 0.20417598 -0.87714208 0.17283269 0.20237319 0.00568076 -0.13722720 -0.03020661
0.45068749 0.24843801 -0.81738000 0.08115185 0.24131580 0.00000000 -0.02442361 0.04042067
-0.57861403 -0.56412907 0.05945394 -0.44279174 0.16756565 0.00000000 0.32209772 -0.12465837
0.31357916 0.20417598 -0.87714208 0.17283269 0.20237319 0.00568076 -0.13722720 -0.03020661
0.31357916 0.20417598 -0.87714208 0.17283269 0.20237319 0.00568076 -0.13722720 -0.03020661
0.00000000 0.00000000 0.00000000 0.00000000 0.00000000 0.00000000 0.00000000 0.00000000
0.00000000 0.00000000 0.00000000 0.00000000 0.00000000 0.00000000 0.00000000 0.00000000
0.00000000 0.00000000 0.00000000 0.00000000 0.00000000 0.00000000 0.00000000 0.00000000
0.00000000 0.00000000 0.00000000 0.00000000 0.00000000 0.00000000 0.00000000 0.00000000
0.00000000 0.00000000 0.00000000 0.00000000 0.00000000 0.00000000 0.00000000 0.00000000
-0.21305845 -0.13362611 -0.86360145 -0.23496444 0.22509832 -0.00556670 -0.04107618 0.28869866
-0.21305845 -0.13362611 -0.86360145 -0.23496444 0.22509832 -0.00556670 -0.04107618 0.28869866
-0.21305845 -0.13362611 -0.86360145 -0.23496444 0.22509832 -0.00556670 -0.04107618 0.28869866
-0.21305845 -0.13362611 -0.86360145 -0.23496444 0.22509832 -0.00556670 -0.04107618 0.28869866
-0.21305845 -0.13362611 -0.86360145 -0.23496444 0.22509832 -0.00556670 -0.04107618 0.28869866
-0.21305845 -0.13362611 -0.86360145 -0.23496444 0.22509832 -0.00556670 -0.04107618 0.28869866
-0.21305845 -0.13362611 -0.86360145 -0.23496444 0.22509832 -0.00556670 -0.04107618 0.28869866
0.00000000 0.00000000 0.00000000 0.00000000 0.00000000 0.00000000 0.00000000 0.00000000
0.00000000 0.00000000 0.00000000 0.00000000 0.00000000 0.00000000 0.00000000 0.00000000
0.00000000 0.00000000 0.00000000 0.00000000 0.00000000 0.00000000 0.00000000 0.00000000
0.00000000 0.00000000 0.00000000 0.00000000 0.00000000 0.00000000 0.00000000 0.00000000
0.00000000 0.00000000 0.00000000 0.00000000 0.00000000 0.00000000 0.00000000 0.00000000
-0.02129037 0.04935637 -0.99681409 -0.04501843 -0.03737179 0.00000000 -0.00698504 -0.00047678
-0.02129037 0.04935637 -0.99681409 -0.04501843 -0.03737179 0.00000000 -0.00698504 -0.00047678
-0.02129037 0.04935637 -0.99681409 -0.04501843 -0.03737179 0.00000000 -0.00698504 -0.00047678
-0.02129037 0.04935637 -0.99681409 -0.04501843 -0.03737179 0.00000000 -0.00698504 -0.00047678
-0.02129037 0.04935637 -0.99681409 -0.04501843 -0.03737179 0.00000000 -0.00698504 -0.00047678
-0.02129037 0.04935637 -0.99681409 -0.04501843 -0.03737179 0.00000000 -0.00698504 -0.00047678
-0.02129037 0.04935637 -0.99681409 -0.04501843 -0.03737179 0.00000000 -0.00698504 -0.00047678
0.00000000 0.00000000 0.00000000 0.00000000 0.00000000 0.00000000 0.00000000 0.00000000
0.00000000 0.00000000 0.00000000 0.00000000 0.00000000 0.00000000 0.00000000 0.00000000
0.00000000 0.00000000 0.00000000 0.00000000 0.00000000 0.00000000 0.00000000 0.00000000
0.00000000 0.00000000 0.00000000 0.00000000 0.00000000 0.00000000 0.00000000 0.00000000
0.00000000 0.00000000 0.00000000 0.00000000 0.00000000 0.00000000 0.00000000 0.00000000
0.00000000 0.00000000 0.00000000 0.00000000 0.00000000 0.00000000 0.00000000 0.00000000
0.28443380 0.35016569 0.20381815 0.42338491 -0.18897775 0.00000000 0.13382830 -0.72253871
0.28443380 0.35016569 0.20381815 0.42338491 -0.18897775 0.00000000 0.13382830 -0.72253871
0.28443380 0.35016569 0.20381815 0.42338491 -0.18897775 0.00000000 0.13382830 -0.72253871
0.24284316 0.20887834 0.07751786 0.32898061 -0.14721701 0.46239001 0.30531964 -0.67413821
0.28443380 0.35016569 0.20381815 0.42338491 -0.18897775 0.00000000 0.13382830 -0.72253871
0.28443380 0.35016569 0.20381815 0.42338491 -0.18897775 0.00000000 0.13382830 -0.72253871
0.28443380 0.35016569 0.20381815 0.42338491 -0.18897775 0.00000000 0.13382830 -0.72253871
0.00000000 0.00000000 0.00000000 0.00000000 0.00000000 0.00000000 0.00000000 0.00000000
0.00000000 0.00000000 0.00000000 0.00000000 0.00000000 0.00000000 0.00000000 0.00000000
0.00000000 0.00000000 0.00000000 0.00000000 0.00000000 0.00000000 0.00000000 0.00000000
0.00000000 0.00000000 0.00000000 0.00000000 0.00000000 0.00000000 0.00000000 0.00000000
0.00000000 0.00000000 0.00000000 0.00000000 0.00000000 0.00000000 0.00000000 0.00000000
0.00000000 0.00000000 0.00000000 0.00000000 0.00000000 0.00000000 0.00000000 0.00000000
0.00000000 0.00000000 0.00000000 0.00000000 0.00000000 0.00000000 0.00000000 0.00000000
0.00000000 0.00000000 0.00000000 0.00000000 0.00000000 0.00000000 0.00000000 0.00000000
0.00000000 0.00000000 0.00000000 0.00000000 0.00000000 0.00000000 0.00000000 0.00000000
0.00000000 0.00000000 0.00000000 0.00000000 0.00000000 0.00000000 0.00000000 0.00000000
0.00000000 0.00000000 0.00000000 0.00000000 0.00000000 0.00000000 0.00000000 0.00000000
0.00000000 0.00000000 0.00000000 0.00000000 0.00000000 0.00000000 0.00000000 0.00000000
0.00000000 0.00000000 0.00000000 0.00000000 0.00000000 0.00000000 0.00000000 0.00000000
0.00000000 0.00000000 0.00000000 0.00000000 0.00000000 0.00000000 0.00000000 0.00000000
0.00000000 0.00000000 0.00000000 0.00000000 0.00000000 0.00000000 0.00000000 0.00000000
0.15202437 0.55216215 -0.19654264 0.69043101 -0.11133986 -0.02448588 -0.23961672 -0.29371631
0.15202437 0.55216215 -0.19654264 0.69043101 -0.11133986 -0.02448588 -0.23961672 -0.29371631
0.15202437 0.55216215 -0.19654264 0.69043101 -0.11133986 -0.02448588 -0.23961672 -0.29371631
0.09586665 0.41638447 -0.41290411 0.60478245 -0.02790799 0.19205303 -0.13507906 -0.47462865
0.15202437 0.55216215 -0.19654264 0.69043101 -0.11133986 -0.02448588 -0.23961672 -0.29371631
0.07225933 0.36287020 -0.17089223 0.29373600 -0.24666654 0.00000000 0.34915696 0.75157425
0.15202437 0.55216215 -0.19654264 0.69043101 -0.11133986 -0.02448588 -0.23961672 -0.29371631
0.00000000 0.00000000 0.00000000 0.00000000 0.00000000 0.00000000 0.00000000 0.00000000
0.00000000 0.00000000 0.00000000 0.00000000 0.00000000 0.00000000 0.00000000 0.00000000
0.00000000 0.00000000 0.00000000 0.00000000 0.00000000 0.00000000 0.00000000 0.00000000
0.00000000 0.00000000 0.00000000 0.00000000 0.00000000 0.00000000 0.00000000 0.00000000
0.00000000 0.00000000 0.00000000 0.00000000 0.00000000 0.00000000 0.00000000 0.00000000
-0.33784081 -0.15012029 -0.17082498 0.03131706 0.03710243 0.00000000 -0.08125083 0.90839819
-0.33784081 -0.15012029 -0.17082498 0.03131706 0.03710243 0.00000000 -0.08125083 0.90839819
-0.33784081 -0.15012029 -0.17082498 0.03131706 0.03710243 0.00000000 -0.08125083 0.90839819
-0.33784081 -0.15012029 -0.17082498 0.03131706 0.03710243 0.00000000 -0.08125083 0.90839819
-0.33784081 -0.15012029 -0.17082498 0.03131706 0.03710243 0.00000000 -0.08125083 0.90839819
-0.33784081 -0.15012029 -0.17082498 0.03131706 0.03710243 0.00000000 -0.08125083 0.90839819
-0.33784081 -0.15012029 -0.17082498 0.03131706 0.03710243 0.00000000 -0.08125083 0.90839819
