0.00000000 -0.00000000 0.00000000 0.00000000 1.00000000 -0.00000000 0.00000000 0.00000000
0.00031592 -0.00004546 -0.00010964 0.00004117 0.99999914 0.00000000 -0.00121155 -0.00037584
-0.00034900 0.00017464 -0.00060444 -0.00002539 0.99999969 0.00000000 -0.00020594 -0.00024162
-0.00014839 -0.00014700 -0.00005681 -0.00003007 0.99999995 0.00000000 -0.00021212 0.00006527
0.13408648 0.18549028 -0.08310057 0.02985357 0.60061392 0.00000000 0.63886618 0.41343701
0.00003352 0.00000300 -0.00001234 0.00002203 0.99999999 0.00000000 -0.00009951 -0.00001772
-0.00000000 0.00000000 0.00000000 -0.00000000 1.00000000 -0.00000000 0.00000000 -0.00000000
0.33964847 0.26251498 -0.78879037 0.25839299 0.35543104 0.00000000 0.01214169 0.01699907
0.32109290 0.57445588 0.03302163 0.31019708 0.65227124 0.10580427 0.16269419 0.08040777
0.09331768 0.02425461 0.04606932 0.12989718 0.12042630 0.23768269 -0.49022119 -0.81264721
-0.16091370 -0.18612883 -0.14503597 0.08186975 0.05693397 0.22212050 0.56196144 -0.73711946
-0.24596033 -0.34693995 0.83898587 0.16647671 -0.01885442 0.07361852 0.15717613 -0.23884073
-0.09583057 -0.03950083 0.60832550 0.03365452 -0.22773943 0.31236825 -0.17973334 -0.66054553
0.13273636 -0.04186936 0.70204211 0.14999620 -0.25503941 0.11583872 0.56495411 -0.26005610
0.06935220 0.00890372 -0.14139145 -0.16893095 -0.10457331 0.95496098 -0.13417105 -0.07545765
0.09279560 0.10286547 -0.20678289 -0.00977033 -0.23264606 0.73735957 0.12080467 -0.57055758
0.14180009 0.09846800 -0.12168186 0.01457202 0.00159840 0.92268480 -0.07524965 -0.31331402
-0.22403145 -0.08774678 -0.06735616 -0.06428540 -0.09650679 0.00000000 0.65578227 0.70290612
-0.60362591 -0.19247345 0.71247640 -0.04603112 0.02996007 0.00000000 0.19698810 0.22168971
-0.48723348 -0.02340112 0.64355849 -0.05175750 -0.41414427 0.00000000 0.40874074 -0.08139462
0.14904550 -0.05152425 0.89108907 -0.01902500 -0.08316324 0.00000000 -0.32246828 -0.26424818
0.00851829 -0.26683226 -0.44185301 -0.52099071 0.05321816 -0.12900816 0.47375103 0.46706238
0.18553443 0.02018345 -0.84218622 -0.11681247 -0.17390689 0.00000000 0.35533101 -0.29281922
0.02748958 0.03787611 -0.93562725 -0.05344692 -0.21097566 -0.10346635 0.17019344 -0.18807705
-0.05392334 -0.09039560 0.92122941 -0.06724812 -0.04808257 0.00000000 -0.36527115 -0.00019672
0.01372164 0.18688429 0.40940356 -0.16715717 -0.19828189 0.00000000 -0.51136421 -0.68448822
0.42125497 0.10351902 0.73966854 0.13187157 -0.16372094 0.00000000 -0.42131465 -0.20740736
0.47398209 0.25164632 0.22373058 -0.29570291 -0.04648181 0.00000000 -0.68517892 -0.32076287
0.53446511 0.45423377 -0.27287532 -0.00661417 -0.08686242 0.00000000 -0.38050288 -0.53027023
0.45111525 0.61544962 0.00813390 0.10408610 -0.16885667 0.00000000 -0.38736442 -0.47775826
0.17573299 0.73792274 -0.45739391 -0.21374404 0.00298181 0.00000000 -0.08262346 0.40355510
0.78934937 0.32819150 0.20377916 0.17149974 -0.36490396 0.00000000 0.18838331 -0.17215293
0.58575228 0.54751691 -0.49294542 -0.07013526 -0.23483068 0.00000000 -0.08478501 0.21649805
0.49988807 0.30202181 -0.75159599 -0.00975565 -0.30032672 0.00000000 -0.02631050 -0.05490591
0.51572642 0.46385842 -0.68598854 0.16829205 0.07497536 0.00000000 0.10481566 -0.05789224
0.62570437 -0.03499136 0.58921638 0.01369220 0.46586071 0.00000000 0.05958753 -0.19831628
0.41095070 -0.09533283 -0.59322114 -0.30133121 0.47583547 0.00000000 -0.03662074 0.38930564
0.36826620 0.07031181 -0.90684639 0.00676694 0.08385134 0.00000000 -0.07358080 -0.15676388
0.31357916 0.20417598 -0.87714208 0.17283269 0.20237319 0.00568076 -0.13722720 -0.03020661
-0.21305845 -0.13362611 -0.86360145 -0.23496444 0.22509832 -0.00556670 -0.04107618 0.28869866
-0.02129037 0.04935637 -0.99681409 -0.04501843 -0.03737179 0.00000000 -0.00698504 -0.00047678
-0.14977114 0.02334811 -0.96583088 0.06500979 -0.11300073 0.01927863 -0.16337608 0.01163333
0.28443380 0.35016569 0.20381815 0.42338491 -0.18897775 0.00000000 0.13382830 -0.72253871
0.15202437 0.55216215 -0.19654264 0.69043101 -0.11133986 -0.02448588 -0.23961672 -0.29371631
-0.33784081 -0.15012029 -0.17082498 0.03131706 0.03710243 0.00000000 -0.08125083 0.90839819
