0.00000000 0.00000000 0.00000000 0.00000000 0.00000000 0.00000000 0.00000000 0.00000000
0.00000000 0.00000000 0.00000000 0.00000000 0.00000000 0.00000000 0.00000000 0.00000000
0.00000000 0.00000000 0.00000000 0.00000000 0.00000000 0.00000000 0.00000000 0.00000000
0.00000000 0.00000000 0.00000000 0.00000000 0.00000000 0.00000000 0.00000000 0.00000000
0.00000000 0.00000000 0.00000000 0.00000000 0.00000000 0.00000000 0.00000000 0.00000000
0.00000000 0.00000000 0.00000000 0.00000000 0.00000000 0.00000000 0.00000000 0.00000000
0.00000000 0.00000000 0.00000000 0.00000000 0.00000000 0.00000000 0.00000000 0.00000000
0.00000000 0.00000000 0.00000000 0.00000000 0.00000000 0.00000000 0.00000000 0.00000000
0.00000000 0.00000000 0.00000000 0.00000000 0.00000000 0.00000000 0.00000000 0.00000000
0.00000000 0.00000000 0.00000000 0.00000000 0.00000000 0.00000000 0.00000000 0.00000000
0.00000000 0.00000000 0.00000000 0.00000000 0.00000000 0.00000000 0.00000000 0.00000000
0.00000000 0.00000000 0.00000000 0.00000000 0.00000000 0.00000000 0.00000000 0.00000000
0.00000000 0.00000000 0.00000000 0.00000000 0.00000000 0.00000000 0.00000000 0.00000000
0.00000000 0.00000000 0.00000000 0.00000000 0.00000000 0.00000000 0.00000000 0.00000000
0.00000000 0.00000000 0.00000000 0.00000000 0.00000000 0.00000000 0.00000000 0.00000000
0.00000000 0.00000000 0.00000000 0.00000000 0.00000000 0.00000000 0.00000000 0.00000000
-0.16091370 -0.18612883 -0.14503597 0.08186975 0.05693397 0.22212050 0.56196144 -0.73711946
-0.16091370 -0.18612883 -0.14503597 0.08186975 0.05693397 0.22212050 0.56196144 -0.73711946
-0.16091370 -0.18612883 -0.14503597 0.08186975 0.05693397 0.22212050 0.56196144 -0.73711946
-0.25413121 0.21970369 0.28195207 0.49949088 -0.71825649 0.18410363 -0.07276868 -0.05547702
-0.17773410 0.95762341 -0.07260348 -0.06209549 -0.13319535 -0.07414496 0.12477076 -0.05860595
0.35444060 0.35444060 -0.49621684 0.56710496 0.00000000 0.00000000 0.42532872 0.00000000
-0.16091370 -0.18612883 -0.14503597 0.08186975 0.05693397 0.22212050 0.56196144 -0.73711946
-0.16091370 -0.18612883 -0.14503597 0.08186975 0.05693397 0.22212050 0.56196144 -0.73711946
-0.17773410 0.95762341 -0.07260348 -0.06209549 -0.13319535 -0.07414496 0.12477076 -0.05860595
0.43892244 -0.02540793 0.39006886 -0.58287249 -0.04552075 0.00000000 -0.55886864 -0.02002913
-0.16091370 -0.18612883 -0.14503597 0.08186975 0.05693397 0.22212050 0.56196144 -0.73711946
-0.16091370 -0.18612883 -0.14503597 0.08186975 0.05693397 0.22212050 0.56196144 -0.73711946
0.00000000 0.00000000 0.00000000 0.00000000 0.00000000 0.00000000 0.00000000 0.00000000
0.00000000 0.00000000 0.00000000 0.00000000 0.00000000 0.00000000 0.00000000 0.00000000
0.00000000 0.00000000 0.00000000 0.00000000 0.00000000 0.00000000 0.00000000 0.00000000
0.00000000 0.00000000 0.00000000 0.00000000 0.00000000 0.00000000 0.00000000 0.00000000
0.00000000 0.00000000 0.00000000 0.00000000 0.00000000 0.00000000 0.00000000 0.00000000
0.00000000 0.00000000 0.00000000 0.00000000 0.00000000 0.00000000 0.00000000 0.00000000
0.00000000 0.00000000 0.00000000 0.00000000 0.00000000 0.00000000 0.00000000 0.00000000
-0.09583057 -0.03950083 0.60832550 0.03365452 -0.22773943 0.31236825 -0.17973334 -0.66054553
-0.09583057 -0.03950083 0.60832550 0.03365452 -0.22773943 0.31236825 -0.17973334 -0.66054553
-0.09583057 -0.03950083 0.60832550 0.03365452 -0.22773943 0.31236825 -0.17973334 -0.66054553
0.25322426 -0.61433212 -0.03989086 -0.72105113 0.10655435 0.07768596 -0.13501461 -0.03673725
-0.06077610 0.03924498 0.77534988 -0.26520461 -0.02886756 0.23165504 -0.51832258 0.01046378
-0.25687436 0.46367492 0.15237490 0.19667447 0.06301829 0.00000000 -0.36724060 -0.71992028
-0.09583057 -0.03950083 0.60832550 0.03365452 -0.22773943 0.31236825 -0.17973334 -0.66054553
-0.09583057 -0.03950083 0.60832550 0.03365452 -0.22773943 0.31236825 -0.17973334 -0.66054553
-0.06077610 0.03924498 0.77534988 -0.26520461 -0.02886756 0.23165504 -0.51832258 0.01046378
-0.02933072 0.33652039 -0.53077370 0.20616326 -0.16621297 0.00000000 0.42158492 0.59691635
-0.09583057 -0.03950083 0.60832550 0.03365452 -0.22773943 0.31236825 -0.17973334 -0.66054553
-0.09583057 -0.03950083 0.60832550 0.03365452 -0.22773943 0.31236825 -0.17973334 -0.66054553
0.00000000 0.00000000 0.00000000 0.00000000 0.00000000 0.00000000 0.00000000 0.00000000
0.00000000 0.00000000 0.00000000 0.00000000 0.00000000 0.00000000 0.00000000 0.00000000
0.00000000 0.00000000 0.00000000 0.00000000 0.00000000 0.00000000 0.00000000 0.00000000
0.00000000 0.00000000 0.00000000 0.00000000 0.00000000 0.00000000 0.00000000 0.00000000
0.00000000 0.00000000 0.00000000 0.00000000 0.00000000 0.00000000 0.00000000 0.00000000
0.00000000 0.00000000 0.00000000 0.00000000 0.00000000 0.00000000 0.00000000 0.00000000
0.00000000 0.00000000 0.00000000 0.00000000 0.00000000 0.00000000 0.00000000 0.00000000
0.00000000 0.00000000 0.00000000 0.00000000 0.00000000 0.00000000 0.00000000 0.00000000
0.00000000 0.00000000 0.00000000 0.00000000 0.00000000 0.00000000 0.00000000 0.00000000
0.00000000 0.00000000 0.00000000 0.00000000 0.00000000 0.00000000 0.00000000 0.00000000
0.00000000 0.00000000 0.00000000 0.00000000 0.00000000 0.00000000 0.00000000 0.00000000
0.00000000 0.00000000 0.00000000 0.00000000 0.00000000 0.00000000 0.00000000 0.00000000
0.00000000 0.00000000 0.00000000 0.00000000 0.00000000 0.00000000 0.00000000 0.00000000
0.00000000 0.00000000 0.00000000 0.00000000 0.00000000 0.00000000 0.00000000 0.00000000
0.00000000 0.00000000 0.00000000 0.00000000 0.00000000 0.00000000 0.00000000 0.00000000
0.00000000 0.00000000 0.00000000 0.00000000 0.00000000 0.00000000 0.00000000 0.00000000
0.00000000 0.00000000 0.00000000 0.00000000 0.00000000 0.00000000 0.00000000 0.00000000
0.00000000 0.00000000 0.00000000 0.00000000 0.00000000 0.00000000 0.00000000 0.00000000
0.00000000 0.00000000 0.00000000 0.00000000 0.00000000 0.00000000 0.00000000 0.00000000
0.00000000 0.00000000 0.00000000 0.00000000 0.00000000 0.00000000 0.00000000 0.00000000
0.00000000 0.00000000 0.00000000 0.00000000 0.00000000 0.00000000 0.00000000 0.00000000
0.00000000 0.00000000 0.00000000 0.00000000 0.00000000 0.00000000 0.00000000 0.00000000
-0.22403145 -0.08774678 -0.06735616 -0.06428540 -0.09650679 0.00000000 0.65578227 0.70290612
-0.22403145 -0.08774678 -0.06735616 -0.06428540 -0.09650679 0.00000000 0.65578227 0.70290612
-0.22403145 -0.08774678 -0.06735616 -0.06428540 -0.09650679 0.00000000 0.65578227 0.70290612
-0.20332683 -0.51912566 0.67627974 0.00000000 0.47200415 0.00000000 -0.06946148 0.06480468
-0.09235416 -0.01365770 -0.31920431 -0.14047739 -0.07961440 0.00000000 0.92848980 -0.03503034
-0.22403145 -0.08774678 -0.06735616 -0.06428540 -0.09650679 0.00000000 0.65578227 0.70290612
-0.22403145 -0.08774678 -0.06735616 -0.06428540 -0.09650679 0.00000000 0.65578227 0.70290612
-0.22403145 -0.08774678 -0.06735616 -0.06428540 -0.09650679 0.00000000 0.65578227 0.70290612
0.09323123 0.18980096 0.06631959 0.95815448 -0.17223803 0.00000000 -0.03982154 0.03966788
-0.22403145 -0.08774678 -0.06735616 -0.06428540 -0.09650679 0.00000000 0.65578227 0.70290612
-0.22403145 -0.08774678 -0.06735616 -0.06428540 -0.09650679 0.00000000 0.65578227 0.70290612
-0.22403145 -0.08774678 -0.06735616 -0.06428540 -0.09650679 0.00000000 0.65578227 0.70290612
0.00000000 0.00000000 0.00000000 0.00000000 0.00000000 0.00000000 0.00000000 0.00000000
0.00000000 0.00000000 0.00000000 0.00000000 0.00000000 0.00000000 0.00000000 0.00000000
0.00000000 0.00000000 0.00000000 0.00000000 0.00000000 0.00000000 0.00000000 0.00000000
0.00000000 0.00000000 0.00000000 0.00000000 0.00000000 0.00000000 0.00000000 0.00000000
0.00000000 0.00000000 0.00000000 0.00000000 0.00000000 0.00000000 0.00000000 0.00000000
0.00000000 0.00000000 0.00000000 0.00000000 0.00000000 0.00000000 0.00000000 0.00000000
0.00000000 0.00000000 0.00000000 0.00000000 0.00000000 0.00000000 0.00000000 0.00000000
0.00000000 0.00000000 0.00000000 0.00000000 0.00000000 0.00000000 0.00000000 0.00000000
0.14904550 -0.05152425 0.89108907 -0.01902500 -0.08316324 0.00000000 -0.32246828 -0.26424818
0.14904550 -0.05152425 0.89108907 -0.01902500 -0.08316324 0.00000000 -0.32246828 -0.26424818
0.14904550 -0.05152425 0.89108907 -0.01902500 -0.08316324 0.00000000 -0.32246828 -0.26424818
0.27587282 -0.79802434 -0.04614309 0.00000000 0.49442042 0.00000000 -0.12750899 0.15560222
0.09838419 -0.56572464 0.11865640 -0.43460841 -0.00101499 0.00000000 0.56741011 -0.38125727
-0.00956246 0.10830628 0.10346478 0.93862211 -0.21452630 0.00000000 0.15212276 0.16522413
-0.03508167 -0.06110682 0.52731926 0.00202698 -0.25635366 0.00000000 0.78250463 0.19731912
0.14904550 -0.05152425 0.89108907 -0.01902500 -0.08316324 0.00000000 -0.32246828 -0.26424818
0.09838419 -0.56572464 0.11865640 -0.43460841 -0.00101499 0.00000000 0.56741011 -0.38125727
-0.00956246 0.10830628 0.10346478 0.93862211 -0.21452630 0.00000000 0.15212276 0.16522413
-0.03508167 -0.06110682 0.52731926 0.00202698 -0.25635366 0.00000000 0.78250463 0.19731912
0.11190907 -0.04574680 0.45417925 -0.30937544 0.13325673 0.00000000 -0.79187079 -0.19640503
0.00851829 -0.26683226 -0.44185301 -0.52099071 0.05321816 -0.12900816 0.47375103 0.46706238
0.00851829 -0.26683226 -0.44185301 -0.52099071 0.05321816 -0.12900816 0.47375103 0.46706238
0.00851829 -0.26683226 -0.44185301 -0.52099071 0.05321816 -0.12900816 0.47375103 0.46706238
-0.98423374 -0.03142044 0.01897461 -0.01609239 0.15753999 0.06498805 -0.01769703 0.01795047
-0.09895329 -0.20801234 -0.42194172 -0.47199018 0.02395353 0.00000000 0.60560664 0.42284324
0.00851829 -0.26683226 -0.44185301 -0.52099071 0.05321816 -0.12900816 0.47375103 0.46706238
0.23422077 -0.14984981 -0.08731161 -0.66030902 0.15025555 0.00000000 -0.61831896 0.27232202
0.00851829 -0.26683226 -0.44185301 -0.52099071 0.05321816 -0.12900816 0.47375103 0.46706238
0.37504388 0.31323864 0.34790317 0.06760160 -0.14417848 0.00000000 -0.16137429 -0.76732519
-0.01283263 0.49620593 0.66129896 0.16102147 -0.20096981 0.00000000 -0.17200543 -0.46946357
0.26330121 -0.56194455 -0.10673036 -0.02004757 0.23446662 0.00000000 -0.48593521 -0.55856056
0.39407066 -0.25869867 -0.03076971 0.06977724 -0.20269043 -0.06185608 0.82470681 -0.21660277
0.18553443 0.02018345 -0.84218622 -0.11681247 -0.17390689 0.00000000 0.35533101 -0.29281922
0.18553443 0.02018345 -0.84218622 -0.11681247 -0.17390689 0.00000000 0.35533101 -0.29281922
0.18553443 0.02018345 -0.84218622 -0.11681247 -0.17390689 0.00000000 0.35533101 -0.29281922
0.43098821 0.00000000 0.09494711 -0.68454291 0.45980438 0.00000000 0.22503848 0.27308027
0.57708304 0.18275589 -0.05522198 -0.49494084 -0.23944069 0.00000000 0.55242650 -0.15183101
0.18553443 0.02018345 -0.84218622 -0.11681247 -0.17390689 0.00000000 0.35533101 -0.29281922
-0.44507552 0.35541093 -0.02777322 0.69966089 0.02784354 0.00000000 -0.31479758 0.29226934
0.18553443 0.02018345 -0.84218622 -0.11681247 -0.17390689 0.00000000 0.35533101 -0.29281922
-0.04929923 -0.07775168 0.76919589 0.33940088 -0.31531199 0.00000000 0.40621835 0.14224622
0.18553443 0.02018345 -0.84218622 -0.11681247 -0.17390689 0.00000000 0.35533101 -0.29281922
0.27348888 -0.16693532 -0.88176355 -0.14568263 0.14703195 0.00000000 0.02268608 -0.27653752
0.18553443 0.02018345 -0.84218622 -0.11681247 -0.17390689 0.00000000 0.35533101 -0.29281922
0.00000000 0.00000000 0.00000000 0.00000000 0.00000000 0.00000000 0.00000000 0.00000000
0.00000000 0.00000000 0.00000000 0.00000000 0.00000000 0.00000000 0.00000000 0.00000000
0.00000000 0.00000000 0.00000000 0.00000000 0.00000000 0.00000000 0.00000000 0.00000000
0.00000000 0.00000000 0.00000000 0.00000000 0.00000000 0.00000000 0.00000000 0.00000000
0.00000000 0.00000000 0.00000000 0.00000000 0.00000000 0.00000000 0.00000000 0.00000000
0.00000000 0.00000000 0.00000000 0.00000000 0.00000000 0.00000000 0.00000000 0.00000000
0.00000000 0.00000000 0.00000000 0.00000000 0.00000000 0.00000000 0.00000000 0.00000000
0.00000000 0.00000000 0.00000000 0.00000000 0.00000000 0.00000000 0.00000000 0.00000000
0.00000000 0.00000000 0.00000000 0.00000000 0.00000000 0.00000000 0.00000000 0.00000000
0.00000000 0.00000000 0.00000000 0.00000000 0.00000000 0.00000000 0.00000000 0.00000000
0.02748958 0.03787611 -0.93562725 -0.05344692 -0.21097566 -0.10346635 0.17019344 -0.18807705
0.02748958 0.03787611 -0.93562725 -0.05344692 -0.21097566 -0.10346635 0.17019344 -0.18807705
0.02748958 0.03787611 -0.93562725 -0.05344692 -0.21097566 -0.10346635 0.17019344 -0.18807705
0.72034365 -0.52280827 0.02116435 -0.37049739 -0.09385890 0.19138535 0.11634963 0.10528634
0.01959440 0.01938014 -0.91596756 -0.12333900 0.17560870 0.00000000 0.15562408 -0.29995686
0.02748958 0.03787611 -0.93562725 -0.05344692 -0.21097566 -0.10346635 0.17019344 -0.18807705
-0.11134235 0.04070066 -0.70063478 -0.08287468 0.04973977 0.00000000 0.04156023 0.69569227
0.02748958 0.03787611 -0.93562725 -0.05344692 -0.21097566 -0.10346635 0.17019344 -0.18807705
0.27547922 0.07380116 0.90358149 -0.09031977 -0.19813679 0.00000000 -0.23402402 -0.00468883
0.11025983 0.17116218 0.80151540 0.22450649 -0.32281431 0.00000000 0.34942260 -0.19852190
-0.11134235 0.04070066 -0.70063478 -0.08287468 0.04973977 0.00000000 0.04156023 0.69569227
0.02748958 0.03787611 -0.93562725 -0.05344692 -0.21097566 -0.10346635 0.17019344 -0.18807705
0.00000000 0.00000000 0.00000000 0.00000000 0.00000000 0.00000000 0.00000000 0.00000000
0.00000000 0.00000000 0.00000000 0.00000000 0.00000000 0.00000000 0.00000000 0.00000000
0.00000000 0.00000000 0.00000000 0.00000000 0.00000000 0.00000000 0.00000000 0.00000000
0.00000000 0.00000000 0.00000000 0.00000000 0.00000000 0.00000000 0.00000000 0.00000000
0.00000000 0.00000000 0.00000000 0.00000000 0.00000000 0.00000000 0.00000000 0.00000000
0.00000000 0.00000000 0.00000000 0.00000000 0.00000000 0.00000000 0.00000000 0.00000000
0.00000000 0.00000000 0.00000000 0.00000000 0.00000000 0.00000000 0.00000000 0.00000000
0.00000000 0.00000000 0.00000000 0.00000000 0.00000000 0.00000000 0.00000000 0.00000000
0.00000000 0.00000000 0.00000000 0.00000000 0.00000000 0.00000000 0.00000000 0.00000000
0.00000000 0.00000000 0.00000000 0.00000000 0.00000000 0.00000000 0.00000000 0.00000000
0.00000000 0.00000000 0.00000000 0.00000000 0.00000000 0.00000000 0.00000000 0.00000000
0.00000000 0.00000000 0.00000000 0.00000000 0.00000000 0.00000000 0.00000000 0.00000000
0.00000000 0.00000000 0.00000000 0.00000000 0.00000000 0.00000000 0.00000000 0.00000000
0.00000000 0.00000000 0.00000000 0.00000000 0.00000000 0.00000000 0.00000000 0.00000000
0.00000000 0.00000000 0.00000000 0.00000000 0.00000000 0.00000000 0.00000000 0.00000000
0.00000000 0.00000000 0.00000000 0.00000000 0.00000000 0.00000000 0.00000000 0.00000000
0.00000000 0.00000000 0.00000000 0.00000000 0.00000000 0.00000000 0.00000000 0.00000000
0.01372164 0.18688429 0.40940356 -0.16715717 -0.19828189 0.00000000 -0.51136421 -0.68448822
0.01372164 0.18688429 0.40940356 -0.16715717 -0.19828189 0.00000000 -0.51136421 -0.68448822
0.01372164 0.18688429 0.40940356 -0.16715717 -0.19828189 0.00000000 -0.51136421 -0.68448822
0.00000000 0.53038798 0.24211119 0.59298195 0.49990035 0.00000000 0.19383676 -0.14481065
-0.60117043 0.29223695 -0.60921761 0.20184871 0.12460338 0.00000000 0.33728498 0.10961535
-0.09865296 0.06145669 0.19149306 -0.28972580 0.20285463 0.00000000 -0.57334168 -0.70427931
0.01372164 0.18688429 0.40940356 -0.16715717 -0.19828189 0.00000000 -0.51136421 -0.68448822
0.01372164 0.18688429 0.40940356 -0.16715717 -0.19828189 0.00000000 -0.51136421 -0.68448822
-0.60117043 0.29223695 -0.60921761 0.20184871 0.12460338 0.00000000 0.33728498 0.10961535
0.09618236 0.19332611 0.91840787 0.20946296 -0.20311994 0.00000000 -0.12954157 -0.08937277
0.01372164 0.18688429 0.40940356 -0.16715717 -0.19828189 0.00000000 -0.51136421 -0.68448822
0.01372164 0.18688429 0.40940356 -0.16715717 -0.19828189 0.00000000 -0.51136421 -0.68448822
0.00000000 0.00000000 0.00000000 0.00000000 0.00000000 0.00000000 0.00000000 0.00000000
0.00000000 0.00000000 0.00000000 0.00000000 0.00000000 0.00000000 0.00000000 0.00000000
0.00000000 0.00000000 0.00000000 0.00000000 0.00000000 0.00000000 0.00000000 0.00000000
0.00000000 0.00000000 0.00000000 0.00000000 0.00000000 0.00000000 0.00000000 0.00000000
0.00000000 0.00000000 0.00000000 0.00000000 0.00000000 0.00000000 0.00000000 0.00000000
0.00000000 0.00000000 0.00000000 0.00000000 0.00000000 0.00000000 0.00000000 0.00000000
0.00000000 0.00000000 0.00000000 0.00000000 0.00000000 0.00000000 0.00000000 0.00000000
0.00000000 0.00000000 0.00000000 0.00000000 0.00000000 0.00000000 0.00000000 0.00000000
0.00000000 0.00000000 0.00000000 0.00000000 0.00000000 0.00000000 0.00000000 0.00000000
0.00000000 0.00000000 0.00000000 0.00000000 0.00000000 0.00000000 0.00000000 0.00000000
0.00000000 0.00000000 0.00000000 0.00000000 0.00000000 0.00000000 0.00000000 0.00000000
0.00000000 0.00000000 0.00000000 0.00000000 0.00000000 0.00000000 0.00000000 0.00000000
0.00000000 0.00000000 0.00000000 0.00000000 0.00000000 0.00000000 0.00000000 0.00000000
0.00000000 0.00000000 0.00000000 0.00000000 0.00000000 0.00000000 0.00000000 0.00000000
0.00000000 0.00000000 0.00000000 0.00000000 0.00000000 0.00000000 0.00000000 0.00000000
0.00000000 0.00000000 0.00000000 0.00000000 0.00000000 0.00000000 0.00000000 0.00000000
0.00000000 0.00000000 0.00000000 0.00000000 0.00000000 0.00000000 0.00000000 0.00000000
0.00000000 0.00000000 0.00000000 0.00000000 0.00000000 0.00000000 0.00000000 0.00000000
0.00000000 0.00000000 0.00000000 0.00000000 0.00000000 0.00000000 0.00000000 0.00000000
0.00000000 0.00000000 0.00000000 0.00000000 0.00000000 0.00000000 0.00000000 0.00000000
0.00000000 0.00000000 0.00000000 0.00000000 0.00000000 0.00000000 0.00000000 0.00000000
0.00000000 0.00000000 0.00000000 0.00000000 0.00000000 0.00000000 0.00000000 0.00000000
0.17573299 0.73792274 -0.45739391 -0.21374404 0.00298181 0.00000000 -0.08262346 0.40355510
0.17573299 0.73792274 -0.45739391 -0.21374404 0.00298181 0.00000000 -0.08262346 0.40355510
0.17573299 0.73792274 -0.45739391 -0.21374404 0.00298181 0.00000000 -0.08262346 0.40355510
0.38943617 0.09274248 0.14962329 0.32018101 0.00000000 0.00000000 0.82829724 0.16958473
-0.72974198 -0.00509200 -0.09424916 0.21768657 0.08292542 0.00000000 0.61983418 0.14180737
0.22128406 0.57457123 -0.46797893 -0.28903865 -0.20932657 0.00000000 0.30640467 0.42503201
0.15829795 -0.09859835 0.08475786 0.02745314 -0.23528509 0.00000000 0.94948348 -0.02011473
0.17573299 0.73792274 -0.45739391 -0.21374404 0.00298181 0.00000000 -0.08262346 0.40355510
0.08509830 0.70452511 -0.37815265 -0.38320063 -0.09464378 0.00000000 -0.30596547 0.32247199
0.22128406 0.57457123 -0.46797893 -0.28903865 -0.20932657 0.00000000 0.30640467 0.42503201
0.17573299 0.73792274 -0.45739391 -0.21374404 0.00298181 0.00000000 -0.08262346 0.40355510
0.17573299 0.73792274 -0.45739391 -0.21374404 0.00298181 0.00000000 -0.08262346 0.40355510
0.00000000 0.00000000 0.00000000 0.00000000 0.00000000 0.00000000 0.00000000 0.00000000
0.58575228 0.54751691 -0.49294542 -0.07013526 -0.23483068 0.00000000 -0.08478501 0.21649805
0.58575228 0.54751691 -0.49294542 -0.07013526 -0.23483068 0.00000000 -0.08478501 0.21649805
0.58575228 0.54751691 -0.49294542 -0.07013526 -0.23483068 0.00000000 -0.08478501 0.21649805
0.12419884 -0.13287216 -0.14758176 0.00000000 0.30979663 0.00000000 0.85804977 0.33602961
0.58575228 0.54751691 -0.49294542 -0.07013526 -0.23483068 0.00000000 -0.08478501 0.21649805
-0.01230498 0.00884687 0.07021472 -0.14587413 -0.22920113 0.00000000 0.91039985 0.30364437
0.58575228 0.54751691 -0.49294542 -0.07013526 -0.23483068 0.00000000 -0.08478501 0.21649805
0.58575228 0.54751691 -0.49294542 -0.07013526 -0.23483068 0.00000000 -0.08478501 0.21649805
0.58575228 0.54751691 -0.49294542 -0.07013526 -0.23483068 0.00000000 -0.08478501 0.21649805
0.58575228 0.54751691 -0.49294542 -0.07013526 -0.23483068 0.00000000 -0.08478501 0.21649805
0.58575228 0.54751691 -0.49294542 -0.07013526 -0.23483068 0.00000000 -0.08478501 0.21649805
0.58575228 0.54751691 -0.49294542 -0.07013526 -0.23483068 0.00000000 -0.08478501 0.21649805
0.00000000 0.00000000 0.00000000 0.00000000 0.00000000 0.00000000 0.00000000 0.00000000
0.00000000 0.00000000 0.00000000 0.00000000 0.00000000 0.00000000 0.00000000 0.00000000
0.62570437 -0.03499136 0.58921638 0.01369220 0.46586071 0.00000000 0.05958753 -0.19831628
0.62570437 -0.03499136 0.58921638 0.01369220 0.46586071 0.00000000 0.05958753 -0.19831628
0.62570437 -0.03499136 0.58921638 0.01369220 0.46586071 0.00000000 0.05958753 -0.19831628
0.04746307 0.84871965 -0.05040228 0.00000000 0.06374835 0.00000000 0.49839035 0.14974993
0.39445928 -0.59963459 -0.38997486 0.19807414 0.17278439 0.00000000 -0.49688808 0.12951550
0.29151379 0.34256950 0.53799071 0.11531828 -0.40617971 0.00000000 0.56709446 0.09140821
0.62570437 -0.03499136 0.58921638 0.01369220 0.46586071 0.00000000 0.05958753 -0.19831628
0.14728935 0.51404980 0.56845389 -0.44178313 -0.11047141 0.00000000 -0.36982739 -0.21626430
0.05610832 0.35848982 -0.51149365 0.34174076 -0.14797943 0.00000000 0.68101914 -0.06511095
-0.62877810 -0.07978250 0.05335930 -0.36028908 -0.00097257 0.00000000 0.68214225 0.01727508
0.62570437 -0.03499136 0.58921638 0.01369220 0.46586071 0.00000000 0.05958753 -0.19831628
0.14728935 0.51404980 0.56845389 -0.44178313 -0.11047141 0.00000000 -0.36982739 -0.21626430
0.41095070 -0.09533283 -0.59322114 -0.30133121 0.47583547 0.00000000 -0.03662074 0.38930564
0.41095070 -0.09533283 -0.59322114 -0.30133121 0.47583547 0.00000000 -0.03662074 0.38930564
0.41095070 -0.09533283 -0.59322114 -0.30133121 0.47583547 0.00000000 -0.03662074 0.38930564
0.20505735 0.88393956 -0.14205236 -0.27965395 -0.17709580 0.00000000 0.00000000 -0.21645836
0.48321628 -0.02652512 0.07771805 0.18906916 -0.11346892 0.00000000 0.11393789 -0.83555620
0.08319355 0.44947557 0.02092087 -0.09851414 -0.23345630 0.00000000 0.01947870 0.85207193
0.45051065 -0.24945719 -0.34335861 -0.36321993 0.17662114 0.00000000 -0.59979836 -0.30665014
0.41095070 -0.09533283 -0.59322114 -0.30133121 0.47583547 0.00000000 -0.03662074 0.38930564
-0.44180692 0.14603332 -0.53878943 0.42706762 0.07015081 0.00000000 0.50870524 -0.21702063
0.41095070 -0.09533283 -0.59322114 -0.30133121 0.47583547 0.00000000 -0.03662074 0.38930564
0.35451623 -0.32359457 -0.01117677 0.68546603 0.11522923 0.00000000 -0.01103162 -0.53499227
0.41095070 -0.09533283 -0.59322114 -0.30133121 0.47583547 0.00000000 -0.03662074 0.38930564
0.36826620 0.07031181 -0.90684639 0.00676694 0.08385134 0.00000000 -0.07358080 -0.15676388
0.36826620 0.07031181 -0.90684639 0.00676694 0.08385134 0.00000000 -0.07358080 -0.15676388
0.36826620 0.07031181 -0.90684639 0.00676694 0.08385134 0.00000000 -0.07358080 -0.15676388
0.11289951 0.59132419 0.04584798 0.00000000 0.49584266 0.00000000 0.56505331 0.26522100
-0.16317999 -0.32306233 0.45265166 0.26766487 -0.05953445 0.00000000 0.62912934 -0.43945072
0.44642486 0.69396637 0.18982251 -0.06782593 -0.28849292 0.00000000 -0.38604089 0.21500430
0.36826620 0.07031181 -0.90684639 0.00676694 0.08385134 0.00000000 -0.07358080 -0.15676388
0.36826620 0.07031181 -0.90684639 0.00676694 0.08385134 0.00000000 -0.07358080 -0.15676388
0.22303763 -0.11964907 -0.76958634 -0.06650594 0.22668101 0.00000000 -0.35194848 -0.40496928
0.36826620 0.07031181 -0.90684639 0.00676694 0.08385134 0.00000000 -0.07358080 -0.15676388
0.36826620 0.07031181 -0.90684639 0.00676694 0.08385134 0.00000000 -0.07358080 -0.15676388
0.36826620 0.07031181 -0.90684639 0.00676694 0.08385134 0.00000000 -0.07358080 -0.15676388
0.31357916 0.20417598 -0.87714208 0.17283269 0.20237319 0.00568076 -0.13722720 -0.03020661
0.31357916 0.20417598 -0.87714208 0.17283269 0.20237319 0.00568076 -0.13722720 -0.03020661
0.31357916 0.20417598 -0.87714208 0.17283269 0.20237319 0.00568076 -0.13722720 -0.03020661
-0.01776328 0.02728134 -0.00635039 0.03222883 -0.02752437 -0.98053629 0.04059104 -0.18440317
0.17829480 0.14107800 -0.47599007 -0.02751088 -0.01900049 0.00000000 0.44540118 -0.72266267
-0.57861403 -0.56412907 0.05945394 -0.44279174 0.16756565 0.00000000 0.32209772 -0.12465837
0.31357916 0.20417598 -0.87714208 0.17283269 0.20237319 0.00568076 -0.13722720 -0.03020661
0.31357916 0.20417598 -0.87714208 0.17283269 0.20237319 0.00568076 -0.13722720 -0.03020661
0.42743608 0.25933246 -0.77452458 0.13352370 0.26324669 0.00000000 -0.24235104 0.06553868
-0.57861403 -0.56412907 0.05945394 -0.44279174 0.16756565 0.00000000 0.32209772 -0.12465837
0.31357916 0.20417598 -0.87714208 0.17283269 0.20237319 0.00568076 -0.13722720 -0.03020661
0.31357916 0.20417598 -0.87714208 0.17283269 0.20237319 0.00568076 -0.13722720 -0.03020661
-0.21305845 -0.13362611 -0.86360145 -0.23496444 0.22509832 -0.00556670 -0.04107618 0.28869866
-0.21305845 -0.13362611 -0.86360145 -0.23496444 0.22509832 -0.00556670 -0.04107618 0.28869866
-0.21305845 -0.13362611 -0.86360145 -0.23496444 0.22509832 -0.00556670 -0.04107618 0.28869866
0.02584013 -0.04120047 0.00637500 0.02343103 0.02445802 -0.98899906 0.13403043 0.01906991
-0.21305845 -0.13362611 -0.86360145 -0.23496444 0.22509832 -0.00556670 -0.04107618 0.28869866
-0.14310636 -0.07802324 -0.78266787 -0.22102158 0.27502846 0.00000000 -0.41768128 0.24882744
-0.21305845 -0.13362611 -0.86360145 -0.23496444 0.22509832 -0.00556670 -0.04107618 0.28869866
-0.21305845 -0.13362611 -0.86360145 -0.23496444 0.22509832 -0.00556670 -0.04107618 0.28869866
0.02037012 0.03315013 -0.56625765 0.00068382 -0.07641222 0.00000000 0.61323309 0.54400761
-0.21305845 -0.13362611 -0.86360145 -0.23496444 0.22509832 -0.00556670 -0.04107618 0.28869866
-0.21305845 -0.13362611 -0.86360145 -0.23496444 0.22509832 -0.00556670 -0.04107618 0.28869866
-0.21305845 -0.13362611 -0.86360145 -0.23496444 0.22509832 -0.00556670 -0.04107618 0.28869866
-0.02129037 0.04935637 -0.99681409 -0.04501843 -0.03737179 0.00000000 -0.00698504 -0.00047678
-0.02129037 0.04935637 -0.99681409 -0.04501843 -0.03737179 0.00000000 -0.00698504 -0.00047678
-0.02129037 0.04935637 -0.99681409 -0.04501843 -0.03737179 0.00000000 -0.00698504 -0.00047678
-0.30116909 -0.12991233 -0.00643249 -0.14243057 0.17157328 0.00000000 0.91796227 0.00000000
-0.02129037 0.04935637 -0.99681409 -0.04501843 -0.03737179 0.00000000 -0.00698504 -0.00047678
-0.02129037 0.04935637 -0.99681409 -0.04501843 -0.03737179 0.00000000 -0.00698504 -0.00047678
-0.02129037 0.04935637 -0.99681409 -0.04501843 -0.03737179 0.00000000 -0.00698504 -0.00047678
-0.02129037 0.04935637 -0.99681409 -0.04501843 -0.03737179 0.00000000 -0.00698504 -0.00047678
0.50583959 -0.02375162 0.33409326 -0.11355484 0.02776868 0.00000000 -0.78587766 -0.02596862
-0.02129037 0.04935637 -0.99681409 -0.04501843 -0.03737179 0.00000000 -0.00698504 -0.00047678
0.25648805 -0.00468382 -0.25851184 0.09179942 0.16390852 0.00000000 -0.91069543 0.05200267
-0.02129037 0.04935637 -0.99681409 -0.04501843 -0.03737179 0.00000000 -0.00698504 -0.00047678
0.00000000 0.00000000 0.00000000 0.00000000 0.00000000 0.00000000 0.00000000 0.00000000
0.28443380 0.35016569 0.20381815 0.42338491 -0.18897775 0.00000000 0.13382830 -0.72253871
0.28443380 0.35016569 0.20381815 0.42338491 -0.18897775 0.00000000 0.13382830 -0.72253871
0.28443380 0.35016569 0.20381815 0.42338491 -0.18897775 0.00000000 0.13382830 -0.72253871
0.39286815 -0.31912030 -0.54825824 0.26393237 -0.59131291 0.00000000 0.00000000 0.15465605
-0.02221640 0.63350291 0.29515870 0.28192259 -0.14036023 -0.02316897 -0.05768849 -0.63876109
0.28443380 0.35016569 0.20381815 0.42338491 -0.18897775 0.00000000 0.13382830 -0.72253871
0.28443380 0.35016569 0.20381815 0.42338491 -0.18897775 0.00000000 0.13382830 -0.72253871
0.28742630 -0.09929570 0.18179575 0.43641940 -0.02920847 0.00000000 -0.81657097 0.12795945
0.06484971 0.00876985 -0.15307265 0.16769995 0.00501937 0.00000000 0.39355634 -0.88839817
0.28443380 0.35016569 0.20381815 0.42338491 -0.18897775 0.00000000 0.13382830 -0.72253871
-0.10107228 0.05288478 -0.03769722 0.63132140 0.03983758 0.00000000 -0.22384350 -0.73164668
0.28443380 0.35016569 0.20381815 0.42338491 -0.18897775 0.00000000 0.13382830 -0.72253871
0.00000000 0.00000000 0.00000000 0.00000000 0.00000000 0.00000000 0.00000000 0.00000000
0.00000000 0.00000000 0.00000000 0.00000000 0.00000000 0.00000000 0.00000000 0.00000000
0.00000000 0.00000000 0.00000000 0.00000000 0.00000000 0.00000000 0.00000000 0.00000000
0.00000000 0.00000000 0.00000000 0.00000000 0.00000000 0.00000000 0.00000000 0.00000000
0.00000000 0.00000000 0.00000000 0.00000000 0.00000000 0.00000000 0.00000000 0.00000000
0.00000000 0.00000000 0.00000000 0.00000000 0.00000000 0.00000000 0.00000000 0.00000000
0.00000000 0.00000000 0.00000000 0.00000000 0.00000000 0.00000000 0.00000000 0.00000000
0.00000000 0.00000000 0.00000000 0.00000000 0.00000000 0.00000000 0.00000000 0.00000000
0.00000000 0.00000000 0.00000000 0.00000000 0.00000000 0.00000000 0.00000000 0.00000000
0.00000000 0.00000000 0.00000000 0.00000000 0.00000000 0.00000000 0.00000000 0.00000000
0.15202437 0.55216215 -0.19654264 0.69043101 -0.11133986 -0.02448588 -0.23961672 -0.29371631
0.15202437 0.55216215 -0.19654264 0.69043101 -0.11133986 -0.02448588 -0.23961672 -0.29371631
0.15202437 0.55216215 -0.19654264 0.69043101 -0.11133986 -0.02448588 -0.23961672 -0.29371631
-0.15284603 -0.04208242 -0.11822534 0.03365480 -0.20869722 0.94896807 0.09697287 -0.07911144
-0.39268583 0.22940298 -0.52697603 0.45288020 0.06532743 0.16809368 0.21639605 -0.48064279
0.15202437 0.55216215 -0.19654264 0.69043101 -0.11133986 -0.02448588 -0.23961672 -0.29371631
0.07225933 0.36287020 -0.17089223 0.29373600 -0.24666654 0.00000000 0.34915696 0.75157425
0.15202437 0.55216215 -0.19654264 0.69043101 -0.11133986 -0.02448588 -0.23961672 -0.29371631
0.07235412 0.33732966 -0.52488279 0.68758450 -0.00936199 0.00000000 -0.07084487 -0.35720100
0.15202437 0.55216215 -0.19654264 0.69043101 -0.11133986 -0.02448588 -0.23961672 -0.29371631
0.50707559 0.44660238 0.33060212 0.21370610 -0.40253606 0.00000000 0.47194790 0.06068360
0.15202437 0.55216215 -0.19654264 0.69043101 -0.11133986 -0.02448588 -0.23961672 -0.29371631
-0.33784081 -0.15012029 -0.17082498 0.03131706 0.03710243 0.00000000 -0.08125083 0.90839819
-0.33784081 -0.15012029 -0.17082498 0.03131706 0.03710243 0.00000000 -0.08125083 0.90839819
-0.33784081 -0.15012029 -0.17082498 0.03131706 0.03710243 0.00000000 -0.08125083 0.90839819
-0.09520978 -0.21426649 0.18829651 0.00000000 0.86694461 0.00000000 0.39588208 -0.03540930
-0.18950981 -0.29484119 -0.15435212 0.06560748 -0.13001000 0.00000000 -0.11065373 0.90547167
0.42067062 -0.09473138 0.53726807 -0.25138321 -0.13251800 0.00000000 0.19659976 -0.63718067
-0.29630483 -0.26237304 -0.11412952 0.10319683 0.77292920 0.00000000 0.31347701 0.35213821
-0.33784081 -0.15012029 -0.17082498 0.03131706 0.03710243 0.00000000 -0.08125083 0.90839819
-0.33784081 -0.15012029 -0.17082498 0.03131706 0.03710243 0.00000000 -0.08125083 0.90839819
0.29329773 0.39940578 -0.46727452 0.10368142 0.08388542 0.00000000 -0.35589366 -0.62582673
-0.33784081 -0.15012029 -0.17082498 0.03131706 0.03710243 0.00000000 -0.08125083 0.90839819
-0.33784081 -0.15012029 -0.17082498 0.03131706 0.03710243 0.00000000 -0.08125083 0.90839819
